changing [-4.69119952e-05  1.99696372e+03  1.03843651e+01  7.39671535e-05] [[ 1.22694724e-10  1.18586705e-04  3.39822087e-02 -5.66424251e-11][ 1.18586705e-04  1.23562958e+03  3.53651661e+05 -7.49115310e-05][ 3.39822087e-02  3.53651661e+05  1.01222357e+08 -2.13921962e-02][-5.66424251e-11 -7.49115310e-05 -2.13921962e-02  5.39821647e-11]] [6.91228313e-05 6.42818115e-05 6.26108734e-05 4.85171933e-059.09531894e-05 7.12134777e-05 5.51389502e-05 5.02327451e-051.23510607e-04 1.12255944e-04 2.60990983e-05 3.98638252e-053.94196001e-05 2.98377424e-05 2.26221312e-05 2.76852373e-054.28012566e-05 1.43718771e-05 1.17233981e-05]
conceptions [-4.14106390e-04  1.99057764e+03  4.25110568e-01  4.21322919e-04] [[ 1.57625087e-07  1.85386923e-03  1.86428941e-04 -1.45753102e-07][ 1.85386923e-03  2.45543075e+01  2.12068600e+00 -1.76867903e-03][ 1.86428941e-04  2.12068600e+00  2.64749150e-01 -1.68868617e-04][-1.45753102e-07 -1.76867903e-03 -1.68868617e-04  1.36638365e-07]] [1.65894795e-04 6.74959020e-04 1.66962329e-04 1.33422282e-041.81906379e-04 2.23813787e-04 7.87699288e-05 1.17209738e-047.99186283e-05 5.61279718e-05 0.00000000e+00 1.59455301e-052.15016001e-05 2.38701939e-05 5.65553281e-06 1.84568249e-051.71205027e-05 0.00000000e+00 0.00000000e+00]
constitutional [-1.12966862e-03  1.99630942e+03  2.05601918e+00  1.79896799e-03] [[ 3.45509859e-08 -3.54565518e-06  1.42825999e-04 -1.65151997e-08][-3.54565518e-06  3.50740774e-01 -7.51349798e-02 -1.91117385e-05][ 1.42825999e-04 -7.51349798e-02  4.51298140e+00 -6.50534820e-05][-1.65151997e-08 -1.91117385e-05 -6.50534820e-05  1.58606118e-08]] [0.00286169 0.0012535  0.00181572 0.00164958 0.00176853 0.00198380.00170931 0.0012307  0.00183813 0.00141122 0.00087432 0.000717550.00055904 0.00051321 0.00058252 0.00067829 0.00084746 0.000823990.00067996]
system [-7.33495128e-04  1.99588360e+03  1.34205540e+01  1.39259405e-03] [[ 4.20255440e-08  3.85141049e-02  4.44225042e+00 -2.22377186e-08][ 3.85141049e-02  5.54719835e+05  6.39667264e+07 -3.69023672e-02][ 4.44225042e+00  6.39667264e+07  7.37623307e+09 -4.25506571e+00][-2.22377186e-08 -3.69023672e-02 -4.25506571e+00  2.21298128e-08]] [0.00214281 0.00083566 0.00073046 0.00116441 0.00201108 0.001159760.00098462 0.00200094 0.00152572 0.0006575  0.00107006 0.000637820.00052679 0.00071611 0.00074653 0.00079826 0.00047081 0.000503020.00056858]
obstacle [-5.02882081e-05  1.99297573e+03  2.41280481e+01  6.38103389e-05] [[ 2.23799990e-10  1.95254305e-08 -1.96371529e-11 -1.49199993e-10][ 1.95254305e-08  1.21598930e-02 -1.22294706e-05 -1.91411440e-07][-1.96371529e-11 -1.22294706e-05  1.22994463e-08  1.92506676e-10][-1.49199993e-10 -1.91411440e-07  1.92506676e-10  1.49199993e-10]] [6.91228313e-05 1.60704529e-05 0.00000000e+00 8.49050882e-051.31376829e-04 8.13868316e-05 3.15079715e-05 0.00000000e+002.90613194e-05 3.20731267e-05 0.00000000e+00 7.97276503e-063.58360001e-05 1.19350969e-05 1.13110656e-05 1.38426187e-050.00000000e+00 1.43718771e-05 5.86169907e-06]
necessary [-3.17527620e-04  1.99408998e+03  9.28478505e-01  5.96437623e-04] [[ 3.58102082e-09  1.09396013e-05  2.41362532e-05 -2.32994659e-09][ 1.09396013e-05  7.82039685e-01  7.26328744e-02 -1.96179893e-05][ 2.41362532e-05  7.26328744e-02  4.47589088e-01 -1.56495254e-05][-2.32994659e-09 -1.96179893e-05 -1.56495254e-05  2.13069798e-09]] [0.00047004 0.00051425 0.00068872 0.00072776 0.00065688 0.000488320.00039385 0.00052744 0.00043592 0.00027262 0.00024794 0.00026310.00023652 0.00028644 0.00026015 0.00031377 0.00026537 0.000244320.00041618]
radical [2.88298053e-05 2.00104110e+03 2.99510531e+01 2.17684922e-05] [[ 3.00326649e-10  7.51854610e-09  1.03200469e-11 -6.67392553e-11][ 7.51854610e-09  4.32503557e-02  5.93659588e-05  3.42073539e-07][ 1.03200469e-11  5.93659588e-05  8.14864295e-08  4.69534257e-10][-6.67392553e-11  3.42073539e-07  4.69534257e-10  6.67392553e-11]] [8.29473975e-05 3.21409057e-05 2.08702911e-05 0.00000000e+001.01059099e-05 0.00000000e+00 0.00000000e+00 8.37212418e-064.35919791e-05 8.01828168e-06 1.30495491e-05 5.58093552e-051.79180001e-05 1.19350969e-05 2.82776640e-05 1.15355155e-045.13615080e-05 2.39531285e-05 1.17233981e-05]
structural [-5.37872716e-05  1.99497522e+03  1.07897666e+01  6.71607952e-05] [[ 2.01663852e-10  1.95619651e-04  8.51906511e-02 -1.14873567e-10][ 1.95619651e-04  1.68980500e+03  7.35826083e+05 -1.33497950e-04][ 8.51906511e-02  7.35826083e+05  3.20423523e+08 -5.80013703e-02][-1.14873567e-10 -1.33497950e-04 -5.80013703e-02  1.09952377e-10]] [1.24421096e-04 3.21409057e-05 4.17405823e-05 2.42585966e-059.09531894e-05 6.10401237e-05 5.51389502e-05 1.17209738e-041.45306597e-05 2.40548450e-05 0.00000000e+00 3.18910601e-052.15016001e-05 5.96754847e-06 0.00000000e+00 1.38426187e-058.56025133e-06 2.87437542e-05 1.17233981e-05]
regulatory [-7.66824709e-04  1.99693224e+03  1.24759574e+01  1.30187266e-03] [[ 8.01259960e-08  3.50070190e-02  6.44798375e+00 -3.76028355e-08][ 3.50070190e-02  2.26706384e+05  4.17459925e+07 -2.84597073e-02][ 6.44798375e+00  4.17459925e+07  7.68716143e+09 -5.23969384e+00][-3.76028355e-08 -2.84597073e-02 -5.23969384e+00  3.67793343e-08]] [0.00200456 0.00136599 0.00202442 0.00236521 0.00142493 0.00061040.00026782 0.00049396 0.00095176 0.00155555 0.00061333 0.000127560.00048379 0.00062659 0.00046941 0.00096437 0.0005821  0.000699430.00043377]
constitutionally [-2.63926169e-04  1.99250004e+03  5.03330962e-01  3.38202562e-04] [[ 2.04783571e-08  2.72360765e-04  6.85451117e-05 -1.68532999e-08][ 2.72360765e-04  7.13867053e+00  8.48929660e-01 -2.71277726e-04][ 6.85451117e-05  8.48929660e-01  3.09938786e-01 -5.48020773e-05][-1.68532999e-08 -2.71277726e-04 -5.48020773e-05  1.49620373e-08]] [3.73263289e-04 1.76774982e-04 3.75665241e-04 4.12396143e-046.06354596e-05 2.95027265e-04 1.41785872e-04 2.51163725e-044.35919791e-05 2.24511887e-04 7.82972948e-05 4.78365902e-055.73376002e-05 3.58052908e-05 4.52442625e-05 6.45988871e-059.41627646e-05 1.29346894e-04 1.11372282e-04]
government [-1.13021578e-03  1.99509379e+03  8.50427246e-01  2.21815251e-03] [[ 1.34168852e-07  6.22846023e-05  2.33076357e-04 -7.71037140e-08][ 6.22846023e-05  2.57196079e+00  1.06073814e-01 -1.86948120e-04][ 2.33076357e-04  1.06073814e-01  1.05385109e+00 -1.33600580e-04][-7.71037140e-08 -1.86948120e-04 -1.33600580e-04  6.85429245e-08]] [0.00284786 0.00107672 0.00160701 0.00274122 0.00263764 0.00263490.00197713 0.00150698 0.00132229 0.00226116 0.00118751 0.000837140.00077047 0.00145011 0.00090489 0.00079364 0.00127548 0.001274310.00127785]
current [-3.75915420e-04  1.99489406e+03  1.79542839e+00  6.89811278e-04] [[ 1.28221747e-08  8.63056274e-06  1.46520243e-04 -7.32715837e-09][ 8.63056274e-06  1.26439331e+00  1.43590966e-01 -2.98471039e-05][ 1.46520243e-04  1.43590966e-01  1.03767095e+01 -8.45485717e-05][-7.32715837e-09 -2.98471039e-05 -8.45485717e-05  7.00926447e-09]] [0.00051151 0.00044997 0.0005635  0.00044878 0.00089943 0.001322540.00063016 0.00062791 0.00043592 0.00046506 0.00026099 0.000287020.00024727 0.00037596 0.00023753 0.00023532 0.00035097 0.00035930.00041032]
rethinking [4.43260184e-05 2.00144055e+03 5.50334036e+00 1.32379423e-05] [[ 1.00532825e-10  3.10029209e-06 -4.55191100e-05 -1.77147632e-11][ 3.10029209e-06  8.62809919e-01 -5.05101015e+00  5.27416236e-07][-4.55191100e-05 -5.05101015e+00  1.14923014e+02  4.64302357e-06][-1.77147632e-11  5.27416236e-07  4.64302357e-06  1.76558175e-11]] [4.14736988e-05 1.60704529e-05 4.17405823e-05 1.21292983e-053.03177298e-05 0.00000000e+00 0.00000000e+00 0.00000000e+000.00000000e+00 1.60365634e-05 0.00000000e+00 0.00000000e+002.15016001e-05 5.96754847e-06 1.69665984e-05 5.53704746e-057.70422620e-05 4.31156313e-05 5.27552916e-05]
transition [-5.14276438e-05  1.99385659e+03  1.04651190e+01  5.79058402e-05] [[ 3.71590277e-10  5.11884506e-04  3.74144331e-02 -2.40070724e-10][ 5.11884506e-04  7.25001008e+03  5.29007144e+05 -4.97331410e-04][ 3.74144331e-02  5.29007144e+05  3.86010118e+07 -3.62555268e-02][-2.40070724e-10 -4.97331410e-04 -3.62555268e-02  2.38992942e-10]] [2.76491325e-05 3.21409057e-05 2.08702911e-05 3.63878950e-051.81906379e-04 3.05200619e-05 7.87699288e-05 0.00000000e+003.63266492e-05 0.00000000e+00 1.30495491e-05 0.00000000e+003.58360001e-06 1.79026454e-05 0.00000000e+00 0.00000000e+008.56025133e-06 4.79062570e-06 0.00000000e+00]
outlines [-1.19459932e-05  1.99799826e+03  3.82735169e+01  1.41420476e-05] [[ 2.23214654e-11 -2.49819459e-08  1.13801880e-12 -8.68056986e-12][-2.49819459e-08  7.75923417e-03 -3.53461431e-07 -3.67452003e-08][ 1.13801880e-12 -3.53461431e-07  1.61014580e-11  1.67387796e-12][-8.68056986e-12 -3.67452003e-08  1.67387796e-12  8.68056986e-12]] [1.38245663e-05 1.60704529e-05 0.00000000e+00 0.00000000e+004.04236397e-05 2.03467079e-05 7.87699288e-06 8.37212418e-061.45306597e-05 8.01828168e-06 2.60990983e-05 7.97276503e-060.00000000e+00 5.96754847e-06 0.00000000e+00 4.61420622e-060.00000000e+00 4.79062570e-06 0.00000000e+00]
describes [-2.39670299e-05  1.99382987e+03  1.12121626e+01  4.15668108e-05] [[ 1.27371776e-10  5.78873285e-04  3.82170482e-02 -8.23652360e-11][ 5.78873285e-04  2.78485409e+04  1.83538305e+06 -5.71958062e-04][ 3.82170482e-02  1.83538305e+06  1.20965074e+08 -3.76762133e-02][-8.23652360e-11 -5.71958062e-04 -3.76762133e-02  8.22007117e-11]] [6.91228313e-05 6.42818115e-05 0.00000000e+00 3.63878950e-053.03177298e-05 3.05200619e-05 6.30159430e-05 0.00000000e+004.35919791e-05 1.60365634e-05 0.00000000e+00 2.39182951e-053.58360001e-06 0.00000000e+00 5.65553281e-06 1.38426187e-051.71205027e-05 5.26968827e-05 3.51701944e-05]
reform [-1.23844579e-04  1.99762523e+03  3.42743922e+00  1.97480312e-04] [[ 3.08555849e-09 -4.87542344e-07  1.66685367e-04 -1.26492146e-09][-4.87542344e-07  2.26145235e+00  5.22557230e+00 -1.33986292e-05][ 1.66685367e-04  5.22557230e+00  1.25644725e+02 -9.22496426e-05][-1.26492146e-09 -1.33986292e-05 -9.22496426e-05  1.24837071e-09]] [2.62666759e-04 1.28563623e-04 4.17405823e-05 9.70343866e-054.74977767e-04 1.83120371e-04 7.08929359e-05 1.75814608e-041.59837257e-04 3.92895802e-04 1.69644139e-04 1.03645945e-048.60064003e-05 8.35456786e-05 5.08997953e-05 1.38426187e-042.56807540e-05 7.18593856e-05 5.86169907e-05]
goals [-1.62616945e-04  1.99599302e+03  1.33606376e+01  3.12245833e-04] [[ 2.73995185e-09  2.76152265e-03  5.28266579e+00 -1.38405677e-09][ 2.76152265e-03  2.52449537e+04  4.82905262e+07 -1.51060264e-03][ 5.28266579e+00  4.82905262e+07  9.23740478e+10 -2.88755289e+00][-1.38405677e-09 -1.51060264e-03 -2.88755289e+00  1.30918753e-09]] [3.04140458e-04 1.12493170e-04 3.96535532e-04 2.54715265e-045.15401407e-04 2.13640433e-04 2.59940765e-04 2.76280098e-045.01307759e-04 1.76402197e-04 2.08792786e-04 1.51482536e-041.61262001e-04 1.73058906e-04 1.69665984e-04 1.79954043e-046.84820106e-05 6.70687599e-05 1.93436069e-04]
process [-1.53354723e-03  1.98969644e+03  3.96346797e-01  1.95498696e-03] [[ 3.33592868e-06  1.12915269e-02  7.91048032e-04 -3.16743046e-06][ 1.12915269e-02  4.01674973e+01  2.63366691e+00 -1.08552182e-02][ 7.91048032e-04  2.63366691e+00  2.19296783e-01 -7.39969433e-04][-3.16743046e-06 -1.08552182e-02 -7.39969433e-04  3.02488393e-06]] [0.00111979 0.00233022 0.00102264 0.00084905 0.00089943 0.00122080.0005829  0.00037675 0.00075559 0.00088201 0.00061333 0.00035080.00033327 0.00029241 0.00032237 0.00058139 0.00053074 0.000589250.00020516]
accomplish [-3.94237029e-05  1.99608595e+03  1.44436436e+01  5.82656221e-05] [[ 1.93042057e-10 -8.89880233e-03  1.49527913e+00 -9.09752894e-11][-8.89880233e-03  6.04356350e+06 -1.01545185e+09  6.82829509e-04][ 1.49527913e+00 -1.01545185e+09  1.70618292e+11 -1.14848841e-01][-9.09752894e-11  6.82829509e-04 -1.14848841e-01  9.00461402e-11]] [1.10596530e-04 1.60704529e-05 2.08702911e-05 6.06464916e-051.11165009e-04 7.12134777e-05 2.36309786e-05 2.51163725e-057.99186283e-05 5.61279718e-05 1.30495491e-05 2.39182951e-051.07508000e-05 2.38701939e-05 2.82776640e-05 2.76852373e-058.56025133e-06 1.43718771e-05 1.75850972e-05]
entitled [-8.11792949e-05  1.99469658e+03  2.11071912e+00  1.35163154e-04] [[ 1.41791747e-09  5.25215422e-06  8.43421701e-05 -8.27986607e-10][ 5.25215422e-06  2.66659446e+00  8.87609345e-01 -1.43602833e-05][ 8.43421701e-05  8.87609345e-01  3.80028989e+01 -5.14340890e-05][-8.27986607e-10 -1.43602833e-05 -5.14340890e-05  8.02014589e-10]] [1.10596530e-04 8.03522643e-05 2.08702911e-05 1.69810176e-047.07413696e-05 3.45894034e-04 1.65416850e-04 9.20933659e-059.44492880e-05 6.41462535e-05 0.00000000e+00 5.58093552e-056.09212002e-05 1.01448324e-04 1.69665984e-05 2.76852373e-055.99217593e-05 7.18593856e-05 8.20637870e-05]
minority [-4.38772053e-05  1.99695389e+03  1.36294856e+01  7.65299355e-05] [[ 4.73810378e-10  9.26312271e-03  2.73823341e+00 -2.21362224e-10][ 9.26312271e-03  2.33361886e+06  6.89781569e+08 -6.83324895e-03][ 2.73823341e+00  6.89781569e+08  2.03888751e+11 -2.01965538e+00][-2.21362224e-10 -6.83324895e-03 -2.01965538e+00  2.14244336e-10]] [4.14736988e-05 8.03522643e-05 2.08702911e-05 9.70343866e-051.41482739e-04 6.10401237e-05 7.87699288e-05 5.02327451e-052.17959895e-05 1.84420479e-04 1.30495491e-05 0.00000000e+003.94196001e-05 2.98377424e-05 1.13110656e-05 5.07562684e-056.84820106e-05 4.31156313e-05 4.10318935e-05]
northwestern [1.59896822e-05 2.00263258e+03 9.98830346e-01 1.18996400e-06] [[ 1.35161996e-10  2.10600385e-05 -1.34706234e-05 -6.32641655e-12][ 2.10600385e-05  4.36035008e+00 -2.06614895e+00 -1.19352152e-07][-1.34706234e-05 -2.06614895e+00  1.98557646e+00  7.68729329e-07][-6.32641655e-12 -1.19352152e-07  7.68729329e-07  2.72122824e-12]] [1.38245663e-05 0.00000000e+00 0.00000000e+00 0.00000000e+000.00000000e+00 0.00000000e+00 0.00000000e+00 0.00000000e+000.00000000e+00 0.00000000e+00 0.00000000e+00 0.00000000e+000.00000000e+00 5.96754847e-06 0.00000000e+00 1.38426187e-050.00000000e+00 2.39531285e-05 1.17233981e-05]
harv [-2.02124161e-04  1.99041623e+03  3.64305638e+00  2.76155948e-04] [[ 7.85340655e-10  2.41467335e-06  2.38150594e-05 -6.49038090e-10][ 2.41467335e-06  1.40835706e-01 -1.84830936e-01 -3.27232429e-06][ 2.38150594e-05 -1.84830936e-01  7.74468152e+00 -1.78480423e-05][-6.49038090e-10 -3.27232429e-06 -1.78480423e-05  6.46103191e-10]] [2.21193060e-04 3.53549963e-04 2.50443494e-04 2.42585966e-049.09531894e-05 1.22080247e-04 1.41785872e-04 6.69769934e-051.16245278e-04 8.82010985e-05 9.13468440e-05 3.18910601e-055.01704002e-05 2.98377424e-05 3.95887297e-05 6.45988871e-052.56807540e-05 6.70687599e-05 1.05510583e-04]
l. [-6.33484734e-04  1.99037016e+03  4.26912985e-01  9.87685098e-04] [[ 3.16146545e-07  2.43817231e-03  2.35655493e-04 -2.94660873e-07][ 2.43817231e-03  2.07997095e+01  1.76537009e+00 -2.33235291e-03][ 2.35655493e-04  1.76537009e+00  2.10393566e-01 -2.15457567e-04][-2.94660873e-07 -2.33235291e-03 -2.15457567e-04  2.77825228e-07]] [0.0006774  0.00101244 0.00091829 0.00066711 0.00045477 0.000559530.00035446 0.00046884 0.00077012 0.00046506 0.00040454 0.000255130.00033327 0.00032822 0.00018663 0.00045681 0.00030817 0.000383250.00043377]
rev [-7.27630123e-04  1.99092813e+03  4.20685516e-01  1.16851339e-03] [[ 2.80494894e-07  1.86230799e-03  1.98978032e-04 -2.55478213e-07][ 1.86230799e-03  1.44276808e+01  1.26816297e+00 -1.76882562e-03][ 1.98978032e-04  1.26816297e+00  1.69981180e-01 -1.77116537e-04][-2.55478213e-07 -1.76882562e-03 -1.77116537e-04  2.36935056e-07]] [0.00091242 0.001141   0.0009809  0.00112802 0.00040424 0.000681610.00074831 0.00051907 0.00082825 0.00053722 0.00053503 0.000287020.00044795 0.00041773 0.00031671 0.00041528 0.00047937 0.000541340.00052169]
421 [-2.86457936e-05  1.99074795e+03  3.02704233e+00  3.66602950e-05] [[ 2.52620747e-10  8.26339055e-06  7.94599248e-05 -2.07337399e-10][ 8.26339055e-06  2.03960872e+00  7.20691203e+00 -9.37061408e-06][ 7.94599248e-05  7.20691203e+00  1.26136163e+02 -7.04591039e-05][-2.07337399e-10 -9.37061408e-06 -7.04591039e-05  2.04261746e-10]] [1.38245663e-05 0.00000000e+00 1.04351456e-04 2.42585966e-052.02118199e-05 0.00000000e+00 0.00000000e+00 8.37212418e-062.17959895e-05 8.01828168e-06 0.00000000e+00 7.97276503e-060.00000000e+00 0.00000000e+00 0.00000000e+00 0.00000000e+000.00000000e+00 2.39531285e-05 4.10318935e-05]
1987 [-4.64360866e-04  1.98956927e+03  4.02037520e+00  5.66963894e-04] [[ 2.99727413e-09  7.01750744e-06  6.34274778e-05 -2.64960661e-09][ 7.01750744e-06  9.21976407e-02  3.17973943e-01 -7.77664070e-06][ 6.34274778e-05  3.17973943e-01  6.14683035e+00 -5.85967371e-05][-2.64960661e-09 -7.77664070e-06 -5.85967371e-05  2.64218362e-09]] [4.28561554e-04 7.07099926e-04 5.21757279e-04 1.69810176e-041.92012289e-04 1.83120371e-04 1.10277900e-04 1.59070359e-041.67102586e-04 1.04237662e-04 5.21981966e-05 7.97276503e-051.07508000e-04 6.56430332e-05 4.52442625e-05 7.38272995e-052.56807540e-05 7.18593856e-05 1.05510583e-04]
w. [1.48004498e-04 2.00088999e+03 1.35596708e+01 7.64129651e-05] [[ 7.33779578e-10 -1.92309282e-03 -2.37245012e-01 -1.73691524e-10][-1.92309282e-03  2.18516588e+05  2.69377760e+07  1.63472281e-03][-2.37245012e-01  2.69377760e+07  3.32077248e+09  2.01509568e-01][-1.73691524e-10  1.63472281e-03  2.01509568e-01  1.71524061e-10]] [1.24421096e-04 4.82113586e-05 4.17405823e-05 7.27757899e-059.09531894e-05 5.08667698e-05 8.66469217e-05 4.18606209e-058.71839582e-05 7.21645351e-05 1.82693688e-04 3.18910601e-058.24228003e-05 5.37079362e-05 2.09254714e-04 2.63009754e-041.62644775e-04 2.92228168e-04 1.69989273e-04]
central [ 2.38119096e-04  1.98997619e+03 -1.10756623e+00  2.10318852e-04] [[ 1.79414811e-08 -1.64770121e-04  1.62851344e-04 -1.43946357e-09][-1.64770121e-04  2.86089387e+00 -1.46598041e+00 -3.36465366e-06][ 1.62851344e-04 -1.46598041e+00  2.64093423e+00 -1.45991857e-05][-1.43946357e-09 -3.36465366e-06 -1.45991857e-05  8.58743697e-10]] [3.31789590e-04 5.78536303e-04 3.96535532e-04 1.69810176e-044.34554127e-04 2.44160495e-04 1.49662865e-04 8.37212418e-051.08979948e-04 2.64603296e-04 2.34891884e-04 2.63101246e-041.61262001e-04 2.32734390e-04 2.03599181e-04 2.07639280e-041.88325529e-04 2.10787531e-04 3.63425342e-04]
feature [-3.50794335e-05  2.00111580e+03  3.92220734e+00  6.47025328e-05] [[ 3.38166796e-10 -9.28117042e-06  2.42851893e-04 -6.55108882e-11][-9.28117042e-06  1.55495493e+00 -2.48422546e+01 -3.48274521e-07][ 2.42851893e-04 -2.48422546e+01  8.38204267e+02 -2.80885628e-05][-6.55108882e-11 -3.48274521e-07 -2.80885628e-05  5.91536201e-11]] [6.91228313e-05 8.03522643e-05 0.00000000e+00 3.63878950e-057.07413696e-05 9.15601856e-05 9.45239146e-05 7.53491176e-055.81226388e-05 8.01828168e-05 2.60990983e-05 1.03645945e-045.37540002e-05 6.56430332e-05 5.08997953e-05 3.22994435e-050.00000000e+00 2.87437542e-05 5.86169907e-05]
framers [-1.76657059e-04  1.99595194e+03  1.15843422e+01  2.16474586e-04] [[ 6.18949360e-09  5.48663024e-03  1.32298551e+00 -3.23641595e-09][ 5.48663024e-03  5.37452190e+04  1.29556958e+07 -4.13355151e-03][ 1.32298551e+00  1.29556958e+07  3.12307645e+09 -9.95904789e-01][-3.23641595e-09 -4.13355151e-03 -9.95904789e-01  3.13212437e-09]] [6.49754614e-04 3.21409057e-05 2.08702911e-05 1.09163685e-048.08472795e-05 1.83120371e-04 1.73293843e-04 4.52094705e-042.61551874e-04 6.41462535e-05 0.00000000e+00 1.91346361e-045.01704002e-05 1.19350969e-05 0.00000000e+00 3.69136497e-054.28012566e-05 9.58125141e-06 4.10318935e-05]
allow [-2.05525050e-04  2.00052511e+03  5.30010564e-01  3.08677102e-04] [[ 1.81094665e-08 -3.42228671e-04  7.33626549e-05 -2.08531859e-09][-3.42228671e-04  9.44862798e+00 -1.31676946e+00  8.67037709e-06][ 7.33626549e-05 -1.31676946e+00  3.95167032e-01 -1.00538389e-05][-2.08531859e-09  8.67037709e-06 -1.00538389e-05  8.35116337e-10]] [0.00022119 0.00040176 0.00016696 0.00024259 0.00032339 0.000335720.00035446 0.00041023 0.00034874 0.00032073 0.00028709 0.000143510.00023652 0.0002387  0.00022057 0.0001938  0.00011984 0.000138930.00011137]
distinctive [-1.08262559e-04  1.99580264e+03  1.31928562e+01  2.13621588e-04] [[ 1.42946895e-09  4.16619360e-03  2.78967364e-01 -7.56747857e-10][ 4.16619360e-03  2.04836027e+05  1.36949406e+07 -4.14908408e-03][ 2.78967364e-01  1.36949406e+07  9.15620780e+08 -2.77366806e-01][-7.56747857e-10 -4.14908408e-03 -2.77366806e-01  7.56288417e-10]] [5.52982650e-05 2.89268152e-04 2.50443494e-04 2.18327370e-041.01059099e-04 1.72947017e-04 3.46587687e-04 2.51163725e-042.39755885e-04 8.01828168e-05 1.56594590e-04 1.43509771e-041.46927601e-04 8.95132271e-05 4.52442625e-05 5.99846808e-054.28012566e-05 1.00603140e-04 1.93436069e-04]
serves [-7.49063844e-05  1.99184762e+03  3.26590620e+00  9.08885098e-05] [[ 2.64207615e-10  2.71172726e-06  4.53429380e-05 -1.98919326e-10][ 2.71172726e-06  3.15058111e-01  1.85329182e+00 -3.14783511e-06][ 4.53429380e-05  1.85329182e+00  4.71600156e+01 -3.79899308e-05][-1.98919326e-10 -3.14783511e-06 -3.79899308e-05  1.94336890e-10]] [1.38245663e-05 9.64227172e-05 1.04351456e-04 1.45551580e-049.09531894e-05 4.06934158e-05 3.93849644e-05 1.67442484e-057.26532985e-06 2.40548450e-05 0.00000000e+00 7.97276503e-062.50852001e-05 5.96754847e-06 1.13110656e-05 1.38426187e-058.56025133e-06 4.79062570e-06 4.68935926e-05]
primary [4.86401452e-05 1.99804427e+03 2.48272016e+01 1.97348777e-05] [[ 1.90878940e-10 -1.17197855e-07 -2.09004544e-10 -7.42306991e-11][-1.17197855e-07  1.68967904e-02  3.01328549e-05  2.46001270e-07][-2.09004544e-10  3.01328549e-05  5.37373622e-08  4.38705838e-10][-7.42306991e-11  2.46001270e-07  4.38705838e-10  7.42306991e-11]] [8.29473975e-05 3.21409057e-05 0.00000000e+00 3.63878950e-053.03177298e-05 1.01733540e-05 0.00000000e+00 2.51163725e-050.00000000e+00 0.00000000e+00 0.00000000e+00 3.18910601e-059.31736003e-05 5.37079362e-05 6.22108609e-05 3.22994435e-055.99217593e-05 1.24556268e-04 5.27552916e-05]
confederation [-1.62557959e-05  1.99315361e+03  8.68910759e-01  1.71972006e-05] [[ 8.26190868e-11  7.96808289e-06  9.97354963e-06 -6.02408470e-11][ 7.96808289e-06  6.44965742e+00  9.38128943e-01 -1.06564370e-05][ 9.97354963e-06  9.38128943e-01  2.80909155e+00 -7.21518713e-06][-6.02408470e-11 -1.06564370e-05 -7.21518713e-06  5.53676446e-11]] [4.14736988e-05 0.00000000e+00 0.00000000e+00 1.21292983e-054.04236397e-05 0.00000000e+00 7.87699288e-06 8.37212418e-067.26532985e-06 0.00000000e+00 0.00000000e+00 0.00000000e+000.00000000e+00 0.00000000e+00 0.00000000e+00 0.00000000e+008.56025133e-06 0.00000000e+00 0.00000000e+00]
weakness [-2.12076741e-05  1.99822454e+03  2.25964573e-01  2.26582313e-05] [[ 7.58461804e-09 -1.39751276e-03  1.05432493e-04 -2.35094897e-09][-1.39751276e-03  4.59092766e+02 -1.80377355e+01  2.53320085e-04][ 1.05432493e-04 -1.80377355e+01  1.52570537e+00 -3.41399135e-05][-2.35094897e-09  2.53320085e-04 -3.41399135e-05  9.02837674e-10]] [1.38245663e-05 3.21409057e-05 0.00000000e+00 2.42585966e-055.05295497e-05 0.00000000e+00 3.15079715e-05 8.37212418e-067.26532985e-06 8.01828168e-06 0.00000000e+00 3.98638252e-051.79180001e-05 0.00000000e+00 5.65553281e-06 0.00000000e+001.71205027e-05 9.58125141e-06 0.00000000e+00]
power [-6.26133313e-04  1.99500650e+03  2.44521783e+01  1.04382410e-03] [[ 2.93045875e-08 -7.70622513e+00  2.89735646e+04 -1.72379328e-08][-7.70622513e+00  2.75526235e+10 -1.03591270e+14  7.70503355e+00][ 2.89735646e+04 -1.03591270e+14  3.89478382e+17 -2.89690901e+04][-1.72379328e-08  7.70503355e+00 -2.89690901e+04  1.72376000e-08]] [0.00186632 0.00081959 0.00068872 0.00114015 0.00077816 0.000976640.00059077 0.00149024 0.00075559 0.00052119 0.00026099 0.0008770.00031177 0.00017306 0.0002545  0.00041066 0.00021401 0.000450320.0007034 ]
person [1.50247649e-04 1.99043694e+03 3.16981009e+00 1.10454757e-04] [[ 2.84648775e-09 -1.31194520e-05 -1.03494937e-04 -2.35931786e-09][-1.31194520e-05  8.69006979e-01 -2.06133445e-01  1.69518374e-05][-1.03494937e-04 -2.06133445e-01  3.30428693e+01  8.17680781e-05][-2.35931786e-09  1.69518374e-05  8.17680781e-05  2.34342328e-09]] [6.91228313e-05 1.76774982e-04 8.34811646e-05 1.45551580e-042.32435929e-04 3.05200619e-04 1.57539858e-04 2.93024346e-043.19674513e-04 3.76859239e-04 3.00139630e-04 3.02965071e-043.26107601e-04 2.20799293e-04 1.18766189e-04 2.03025074e-043.16729299e-04 3.01809419e-04 1.11372282e-04]
respects [-7.59663195e-05  1.99324725e+03  1.26857372e+00  9.43237397e-05] [[ 2.26057957e-10  2.70466154e-06  8.75674772e-06 -1.56553750e-10][ 2.70466154e-06  6.53729404e-01  1.03899753e-01 -4.35701603e-06][ 8.75674772e-06  1.03899753e-01  1.27636795e+00 -6.05693606e-06][-1.56553750e-10 -4.35701603e-06 -6.05693606e-06  1.48322401e-10]] [1.10596530e-04 8.03522643e-05 8.34811646e-05 6.06464916e-051.51588649e-04 6.10401237e-05 5.51389502e-05 5.02327451e-052.90613194e-05 0.00000000e+00 3.91486474e-05 2.39182951e-050.00000000e+00 5.96754847e-06 0.00000000e+00 1.84568249e-052.56807540e-05 1.91625028e-05 4.68935926e-05]
instead [-2.77899181e-04  1.99637313e+03  1.39181970e+00  5.34613822e-04] [[ 1.82550218e-09 -7.38413085e-07  2.12129919e-05 -8.66117808e-10][-7.38413085e-07  4.20843824e-01 -9.50468804e-03 -5.80047129e-06][ 2.12129919e-05 -9.50468804e-03  1.18907170e+00 -1.00518411e-05][-8.66117808e-10 -5.80047129e-06 -1.00518411e-05  8.07220131e-10]] [0.00042856 0.00065889 0.0005635  0.00048517 0.00059625 0.000590050.0003781  0.00056093 0.00051584 0.0003929  0.00039149 0.000255130.00021502 0.00019096 0.00026015 0.00024917 0.00029105 0.000234740.00036343]
series [6.69739088e-05 1.99806860e+03 2.77884626e+00 5.43648885e-05] [[ 2.87813560e-10  1.49855322e-06 -3.92560171e-05 -1.07627085e-10][ 1.49855322e-06  5.08334414e-01 -7.34007836e-01  1.23507222e-06][-3.92560171e-05 -7.34007836e-01  4.12086828e+01  1.32057941e-05][-1.07627085e-10  1.23507222e-06  1.32057941e-05  1.01198096e-10]] [8.29473975e-05 3.21409057e-05 8.34811646e-05 1.21292983e-051.21270919e-04 6.10401237e-05 3.15079715e-05 2.51163725e-055.81226388e-05 4.00914084e-05 5.21981966e-05 8.77004154e-051.07508000e-04 1.49188712e-04 1.30077255e-04 9.22841244e-051.02723016e-04 9.10218884e-05 1.69989273e-04]
counter [-2.68378860e-05  1.99322071e+03  1.66244152e+00  3.12531592e-05] [[ 5.14785683e-11  1.21525336e-06  7.41139489e-06 -3.49889263e-11][ 1.21525336e-06  9.67213543e-01  1.51351980e-01 -2.15172272e-06][ 7.41139489e-06  1.51351980e-01  5.59179180e+00 -5.00582995e-06][-3.49889263e-11 -2.15172272e-06 -5.00582995e-06  3.36471928e-11]] [5.52982650e-05 0.00000000e+00 2.08702911e-05 4.85171933e-053.03177298e-05 3.05200619e-05 1.57539858e-05 1.67442484e-050.00000000e+00 0.00000000e+00 0.00000000e+00 7.97276503e-061.43344001e-05 5.96754847e-06 0.00000000e+00 4.61420622e-068.56025133e-06 4.79062570e-06 0.00000000e+00]
likely [5.94669888e-04 1.99695432e+03 8.72349500e-01 3.64245554e-04] [[ 7.80559748e-09  6.98881044e-06 -2.64618097e-05 -3.29638653e-09][ 6.98881044e-06  5.32602259e-01 -2.32778389e-02  1.35113922e-05][-2.64618097e-05 -2.32778389e-02  2.40598386e-01  1.12110020e-05][-3.29638653e-09  1.35113922e-05  1.12110020e-05  2.81642505e-09]] [0.00030414 0.0002732  0.00029218 0.00036388 0.00041434 0.000661270.00025994 0.00046884 0.00043592 0.00041695 0.00083517 0.000749440.00075256 0.00098465 0.00093316 0.00116739 0.00099299 0.000852730.00084408]
divided [-3.78274620e-05  1.99294474e+03  3.38788563e+01  7.21722627e-05] [[ 6.19535489e-10 -8.36837324e-07  1.36451467e-09 -4.13023659e-10][-8.36837324e-07  1.20389494e-01 -1.96302467e-04 -3.71707921e-07][ 1.36451467e-09 -1.96302467e-04  3.20083234e-07  6.06092603e-10][-4.13023659e-10 -3.71707921e-07  6.06092603e-10  4.13023659e-10]] [8.29473975e-05 4.82113586e-05 4.17405823e-05 3.63878950e-051.01059099e-05 2.13640433e-04 3.93849644e-05 2.51163725e-057.26532985e-06 5.61279718e-05 0.00000000e+00 5.58093552e-054.30032002e-05 3.58052908e-05 5.65553281e-06 9.22841244e-061.11283267e-04 3.35343799e-05 2.93084954e-05]
fear [1.97885994e-04 2.00001427e+03 1.31661140e+01 7.49258308e-05] [[ 2.30965946e-09  3.41111937e-03 -3.14608956e+00 -6.16526590e-10][ 3.41111937e-03  3.19880513e+04 -2.95072690e+07 -7.12034658e-04][-3.14608956e+00 -2.95072690e+07  2.72188952e+10  6.57236668e-01][-6.16526590e-10 -7.12034658e-04  6.57236668e-01  5.56430348e-10]] [1.24421096e-04 1.28563623e-04 4.17405823e-05 6.06464916e-051.31376829e-04 7.12134777e-05 6.30159430e-05 6.69769934e-057.99186283e-05 4.00914084e-05 6.52477457e-05 3.98638252e-058.24228003e-05 1.25318518e-04 4.01542829e-04 4.38349591e-048.56025133e-05 2.92228168e-04 1.64127574e-04]
well-organized [-1.69885562e-04  1.98844400e+03  2.29047340e-01  1.78463464e-04] [[ 1.70820752e-07  7.82295181e-03  1.55779939e-04 -1.60772580e-07][ 7.82295181e-03  3.62215626e+02  7.06216042e+00 -7.39066362e-03][ 1.55779939e-04  7.06216042e+00  1.53002636e-01 -1.45169207e-04][-1.60772580e-07 -7.39066362e-03 -1.45169207e-04  1.51640312e-07]] [1.38245663e-04 4.82113586e-05 8.34811646e-05 9.70343866e-059.09531894e-05 5.08667698e-05 1.57539858e-05 5.86048692e-058.71839582e-05 4.81096901e-05 0.00000000e+00 7.97276503e-061.79180001e-05 5.96754847e-06 2.82776640e-05 2.30710311e-050.00000000e+00 1.43718771e-05 2.93084954e-05]
private [-9.72769863e-04  1.99382622e+03  1.09620038e+00  1.44937302e-03] [[ 2.26809759e-08  2.04168014e-05  5.92297085e-05 -1.49730161e-08][ 2.04168014e-05  4.67171211e-01  5.30212307e-02 -3.64486484e-05][ 5.92297085e-05  5.30212307e-02  5.12489997e-01 -3.90432502e-05][-1.49730161e-08 -3.64486484e-05 -3.90432502e-05  1.39682971e-08]] [0.00135481 0.00151062 0.00114787 0.00132209 0.00185949 0.001556520.00083496 0.00100465 0.00061755 0.00088201 0.00041759 0.000199320.0004587  0.00074594 0.00029409 0.00046603 0.00065058 0.000402410.00045721]
group [7.87889980e-04 1.99812346e+03 1.68776023e+01 2.45357689e-04] [[ 5.35612344e-08  8.63018139e-01 -1.17958280e+02 -1.89191134e-08][ 8.63018139e-01  1.47807023e+08 -2.02021869e+10 -8.44917573e-03][-1.17958280e+02 -2.02021869e+10  2.76122440e+12  1.15658145e+00][-1.89191134e-08 -8.44917573e-03  1.15658145e+00  1.88701974e-08]] [1.24421096e-04 4.82113586e-04 2.92184076e-04 3.88137546e-043.23389118e-04 1.83120371e-04 1.41785872e-04 3.43257091e-041.59837257e-04 3.28749549e-04 7.82972948e-05 1.67428066e-041.39760401e-03 2.21992803e-03 4.86375821e-04 1.54575908e-035.05054828e-04 7.32965733e-04 3.63425342e-04]
governmental [-4.43084441e-04  1.99314574e+03  1.04847056e+00  5.39365226e-04] [[ 6.79220691e-09  1.86591841e-05  3.70001911e-05 -4.84523350e-09][ 1.86591841e-05  6.45481357e-01  1.00538455e-01 -2.71556391e-05][ 3.70001911e-05  1.00538455e-01  5.90964907e-01 -2.63087951e-05][-4.84523350e-09 -2.71556391e-05 -2.63087951e-05  4.52931314e-09]] [4.97684385e-04 3.37479510e-04 4.80016696e-04 7.39887198e-046.56884146e-04 4.47627574e-04 1.49662865e-04 2.93024346e-041.67102586e-04 3.36767831e-04 5.21981966e-05 7.17548853e-051.03924400e-04 5.37079362e-05 7.91774593e-05 7.38272995e-056.84820106e-05 4.79062570e-05 1.17233981e-04]
processes [-1.43500910e-04  1.99591881e+03  5.06472434e-01  2.34503162e-04] [[ 1.26044958e-08  8.36825077e-06  9.46736341e-05 -6.40866041e-09][ 8.36825077e-06  1.64917202e+01  5.69654301e-02 -1.26779525e-04][ 9.46736341e-05  5.69654301e-02  1.04686649e+00 -4.80611852e-05][-6.40866041e-09 -1.26779525e-04 -4.80611852e-05  4.76615055e-09]] [1.24421096e-04 2.08915887e-04 2.29573203e-04 3.03232458e-044.34554127e-04 1.72947017e-04 1.49662865e-04 1.00465490e-044.35919791e-05 3.84877521e-04 1.95743237e-04 4.78365902e-059.31736003e-05 1.01448324e-04 4.52442625e-05 1.84568249e-043.42410053e-05 1.14975017e-04 1.11372282e-04]
wealth [-9.88727870e-05  1.99497892e+03  2.40179894e+01  1.85202618e-04] [[ 1.60132979e-09 -1.96546625e-07  1.72508047e-10 -8.89627659e-10][-1.96546625e-07  2.42169052e-02 -2.12550637e-05 -6.00350851e-07][ 1.72508047e-10 -2.12550637e-05  1.86554693e-08  5.26925116e-10][-8.89627659e-10 -6.00350851e-07  5.26925116e-10  8.89627659e-10]] [4.28561554e-04 1.92845434e-04 8.34811646e-05 8.49050882e-051.11165009e-04 2.03467079e-04 1.26031886e-04 2.51163725e-041.23510607e-04 9.62193802e-05 1.30495491e-04 6.37821203e-054.30032002e-05 1.37253615e-04 6.22108609e-05 3.22994435e-057.70422620e-05 1.38928145e-04 8.20637870e-05]
opportunities [-1.32221183e-04  1.99330069e+03  2.00293612e+00  1.65322576e-04] [[ 1.13222717e-09  3.91313707e-06  3.85794002e-05 -7.54533248e-10][ 3.91313707e-06  7.66455365e-01  2.63130832e-02 -7.84299970e-06][ 3.85794002e-05  2.63130832e-02  8.96433832e+00 -2.50389855e-05][-7.54533248e-10 -7.84299970e-06 -2.50389855e-05  7.32078487e-10]] [1.10596530e-04 2.24986340e-04 2.08702911e-05 1.81939475e-043.13283208e-04 1.32253601e-04 1.10277900e-04 7.53491176e-052.17959895e-05 8.01828168e-06 2.60990983e-05 3.98638252e-055.01704002e-05 2.38701939e-05 2.26221312e-05 4.61420622e-064.28012566e-05 7.18593856e-05 4.68935926e-05]
played [-8.05926407e-05  1.99293720e+03  1.62121869e+01  1.29536714e-04] [[ 5.15947333e-10  7.15204056e-02  1.84663432e+01 -3.62133567e-10][ 7.15204056e-02  7.67043432e+07  1.98047864e+10 -6.71661844e-02][ 1.84663432e+01  1.98047864e+10  5.11352484e+12 -1.73419874e+01][-3.62133567e-10 -6.71661844e-02 -1.73419874e+01  3.58320449e-10]] [8.29473975e-05 1.76774982e-04 1.04351456e-04 4.85171933e-052.12224109e-04 1.62773663e-04 3.15079715e-05 5.02327451e-052.17959895e-05 8.01828168e-05 1.30495491e-05 3.18910601e-055.01704002e-05 9.54807755e-05 4.52442625e-05 5.07562684e-055.13615080e-05 6.70687599e-05 5.86169907e-05]
prominent [-1.38464363e-04  1.99310756e+03  1.14571368e+01  1.86981475e-04] [[ 2.07226485e-10 -1.57039957e-04  1.67601715e-02 -1.33874800e-10][-1.57039957e-04  3.01739490e+03 -3.21384307e+05  2.25339417e-05][ 1.67601715e-02 -3.21384307e+05  3.42309400e+07 -2.43957071e-03][-1.33874800e-10  2.25339417e-05 -2.43957071e-03  1.32855585e-10]] [2.07368494e-04 1.44634076e-04 2.29573203e-04 1.45551580e-042.02118199e-04 1.72947017e-04 1.81170836e-04 2.51163725e-059.44492880e-05 3.20731267e-05 5.21981966e-05 4.78365902e-053.22524001e-05 4.17728393e-05 2.26221312e-05 5.53704746e-054.28012566e-05 4.79062570e-05 8.20637870e-05]
desire [-4.23242284e-05  1.99406008e+03  2.35376805e+01  8.35861919e-05] [[ 3.68965008e-10  9.78331599e-07  2.49760770e-09 -2.25478616e-10][ 9.78331599e-07  7.04369314e-02  1.79820239e-04 -1.15742153e-06][ 2.49760770e-09  1.79820239e-04  4.59067675e-07 -2.95481096e-09][-2.25478616e-10 -1.15742153e-06 -2.95481096e-09  2.25478616e-10]] [6.91228313e-05 1.44634076e-04 0.00000000e+00 7.27757899e-051.11165009e-04 1.32253601e-04 5.51389502e-05 7.53491176e-050.00000000e+00 4.81096901e-05 3.91486474e-05 3.18910601e-057.16720003e-05 8.95132271e-05 2.82776640e-05 2.76852373e-058.56025133e-05 1.43718771e-05 1.75850972e-05]
unlikely [ 2.67285149e-04  1.99658029e+03  1.04024036e-01 -1.91096459e-05] [[ 2.55782176e-06  1.10038178e-02 -1.08827419e-03 -1.20575865e-06][ 1.10038178e-02  4.54667917e+02 -4.56629102e+00 -2.56367774e-03][-1.08827419e-03 -4.56629102e+00  4.63843194e-01  5.13780966e-04][-1.20575865e-06 -2.56367774e-03  5.13780966e-04  5.85373005e-07]] [6.91228313e-05 3.21409057e-05 6.26108734e-05 9.70343866e-056.06354596e-05 8.13868316e-05 7.08929359e-05 8.37212418e-051.67102586e-04 1.44329070e-04 9.13468440e-05 5.58093552e-058.95900003e-05 2.08864196e-04 1.80977050e-04 1.33811980e-041.54084524e-04 1.34137520e-04 1.87574370e-04]
promote [-3.54969334e-04  1.99215777e+03  2.97695607e-01  5.24439596e-04] [[ 2.28373763e-07  3.41309375e-03  2.39739221e-04 -1.89619100e-07][ 3.41309375e-03  6.36815563e+01  3.36171166e+00 -3.04525101e-03][ 2.39739221e-04  3.36171166e+00  2.78322597e-01 -1.93723371e-04][-1.89619100e-07 -3.04525101e-03 -1.93723371e-04  1.61836918e-07]] [4.97684385e-04 3.69620416e-04 4.38276114e-04 3.88137546e-045.86142776e-04 2.23813787e-04 8.66469217e-05 3.85117712e-044.57715780e-04 3.28749549e-04 1.43545041e-04 1.19591476e-042.36517601e-04 2.74507230e-04 9.61440577e-05 1.98410867e-042.22566535e-04 1.14975017e-04 2.40329662e-04]
forms [-2.11980355e-04  1.99399493e+03  1.51460961e+01  3.23339901e-04] [[ 1.53885298e-09  4.63575291e-03  1.38462882e+01 -9.47130599e-10][ 4.63575291e-03  1.16069783e+05  3.46694355e+08 -3.00163233e-03][ 1.38462882e+01  3.46694355e+08  1.03555794e+12 -8.96423675e+00][-9.47130599e-10 -3.00163233e-03 -8.96423675e+00  9.04869493e-10]] [2.21193060e-04 3.37479510e-04 4.80016696e-04 2.30456668e-042.72859568e-04 2.74680557e-04 4.64742580e-04 1.75814608e-041.30775937e-04 1.76402197e-04 1.17445942e-04 1.03645945e-048.24228003e-05 1.07415872e-04 8.48329921e-05 5.07562684e-056.84820106e-05 1.58090648e-04 1.64127574e-04]
founded [-3.30843205e-05  1.99834852e+03  1.50706122e+00  4.15046258e-05] [[ 1.00612882e-10 -1.91555003e-06  1.06210420e-05 -3.45387238e-11][-1.91555003e-06  1.40386965e+00 -2.11371034e-01 -1.72325262e-06][ 1.06210420e-05 -2.11371034e-01  5.41553759e+00 -3.63166233e-06][-3.45387238e-11 -1.72325262e-06 -3.63166233e-06  3.16200322e-11]] [2.76491325e-05 3.21409057e-05 2.08702911e-05 4.85171933e-055.05295497e-05 3.05200619e-05 3.93849644e-05 2.51163725e-058.71839582e-05 6.41462535e-05 2.60990983e-05 2.39182951e-052.86688001e-05 0.00000000e+00 1.13110656e-05 9.22841244e-061.71205027e-05 9.58125141e-06 0.00000000e+00]
protections [-3.25323102e-05  1.99183925e+03  2.69709723e+01  5.28617570e-05] [[ 1.75546138e-10 -4.15140135e-06  2.47328513e-08 -1.26783322e-10][-4.15140135e-06  5.43291549e+00 -3.23677428e-02 -1.46324292e-07][ 2.47328513e-08 -3.23677428e-02  1.92837672e-04  8.71757908e-10][-1.26783322e-10 -1.46324292e-07  8.71757908e-10  1.26783322e-10]] [1.38245663e-05 1.60704529e-05 6.26108734e-05 6.06464916e-051.11165009e-04 2.03467079e-05 7.87699288e-06 1.67442484e-053.63266492e-05 0.00000000e+00 1.30495491e-05 0.00000000e+002.50852001e-05 3.58052908e-05 3.95887297e-05 5.07562684e-058.56025133e-06 1.91625028e-05 1.17233981e-05]
property [-3.65593160e-04  1.99295780e+03  1.25820460e+01  6.08055143e-04] [[ 2.12080409e-08  2.37761577e-02  7.08866835e+00 -1.46887033e-08][ 2.37761577e-02  1.91081415e+05  5.69708594e+07 -2.02747649e-02][ 7.08866835e+00  5.69708594e+07  1.69858484e+10 -6.04366408e+00][-1.46887033e-08 -2.02747649e-02 -6.04366408e+00  1.43168959e-08]] [9.67719638e-04 4.98184039e-04 4.17405823e-05 2.54715265e-041.16217964e-03 7.73174900e-04 2.44186779e-04 3.26512843e-042.90613194e-04 1.92438760e-04 9.13468440e-05 7.17548853e-051.36176800e-04 2.50637036e-04 1.52699386e-04 3.92207529e-044.28012566e-04 3.20971922e-04 3.39978546e-04]
protection [-8.79137637e-04  1.98990594e+03  5.13339505e-01  1.37485361e-03] [[ 1.09064685e-06  5.31666579e-03  7.09843486e-04 -1.03518724e-06][ 5.31666579e-03  2.85921495e+01  3.39212817e+00 -5.15678565e-03][ 7.09843486e-04  3.39212817e+00  5.70765128e-01 -6.63106392e-04][-1.03518724e-06 -5.15678565e-03 -6.63106392e-04  9.92217549e-07]] [0.0009539  0.00170347 0.00087655 0.00054582 0.00082868 0.001047860.00064591 0.00053582 0.00055943 0.00081786 0.00031319 0.000135540.00027235 0.00026854 0.00052596 0.00042912 0.00077898 0.000900640.00054514]
e [1.19391730e-04 1.99807119e+03 2.82007575e+01 4.96479874e-05] [[ 4.78418554e-09 -3.68280360e-06 -9.29958854e-09 -1.86051660e-09][-3.68280360e-06  1.77814735e-01  4.49006804e-04  4.66809306e-06][-9.29958854e-09  4.49006804e-04  1.13380429e-06  1.17875807e-08][-1.86051660e-09  4.66809306e-06  1.17875807e-08  1.86051660e-09]] [4.14736988e-05 3.21409057e-05 4.17405823e-05 4.85171933e-052.02118199e-05 3.05200619e-05 1.02400907e-04 6.69769934e-057.99186283e-05 5.61279718e-05 2.60990983e-05 6.37821203e-056.55798802e-04 7.16105817e-05 6.22108609e-05 3.22994435e-054.28012566e-05 9.58125141e-05 2.22744565e-04]
men [-2.72811115e-04  1.99494440e+03  4.12309214e+01  3.56761538e-04] [[ 7.38251325e-09 -2.77653931e-06  3.74237412e-09 -4.10139625e-09][-2.77653931e-06  4.04262442e-02 -5.44887405e-05 -4.01256200e-07][ 3.74237412e-09 -5.44887405e-05  7.34429552e-08  5.40835425e-10][-4.10139625e-09 -4.01256200e-07  5.40835425e-10  4.10139625e-09]] [2.07368494e-04 6.58888567e-04 4.38276114e-04 6.06464916e-051.51588649e-04 4.57800928e-04 1.26031886e-04 7.53491176e-041.08979948e-04 3.20731267e-05 1.04396393e-04 3.18910601e-054.30032002e-05 9.54807755e-05 9.61440577e-05 1.84568249e-041.28403770e-04 7.66500113e-05 4.68935926e-05]
