conceptions [-4.61655719e-04  1.98939516e+03  3.67138378e-01  4.67855709e-04] [[ 3.75112356e-07  4.45482579e-03  2.48160721e-04 -3.57742976e-07] [ 4.45482579e-03  5.47429214e+01  2.91095111e+00 -4.28523439e-03] [ 2.48160721e-04  2.91095111e+00  1.89018027e-01 -2.33547762e-04] [-3.57742976e-07 -4.28523439e-03 -2.33547762e-04  3.42595873e-07]] [1.99180761e-04 5.85046684e-04 1.46847854e-04 1.10735282e-04 1.75968289e-04 1.68170862e-04 9.77148680e-05 1.00498840e-04 7.99186283e-05 5.61279718e-05 0.00000000e+00 1.59455301e-05 2.15016001e-05 2.38701939e-05 5.65553281e-06 1.84568249e-05 1.71205027e-05 0.00000000e+00 0.00000000e+00]
unlikely [-2.39250494e-04  1.99870240e+03 -1.16429784e-01  2.47929429e-04] [[ 1.55406815e-06 -3.35122956e-02 -8.10458834e-04 -9.99557202e-07] [-3.35122956e-02  9.85501053e+02  1.69954643e+01  2.32458355e-02] [-8.10458834e-04  1.69954643e+01  4.24727597e-01  5.18038340e-04] [-9.99557202e-07  2.32458355e-02  5.18038340e-04  6.53881963e-07]] [6.06202316e-05 4.77589130e-05 6.77759328e-05 1.10735282e-04 5.55689333e-05 7.70783116e-05 6.97963343e-05 7.76581943e-05 1.67102586e-04 1.44329070e-04 9.13468440e-05 5.58093552e-05 8.95900003e-05 2.08864196e-04 1.80977050e-04 1.33811980e-04 1.54084524e-04 1.34137520e-04 1.87574370e-04]
money [1.75004433e-04 1.99234254e+03 2.16281812e+00 3.94775622e-05] [[ 3.82945492e-09 -1.25822265e-05 -1.01843329e-04 -2.76927533e-09] [-1.25822265e-05  1.27913085e+00  5.44054025e-02  2.04698499e-05] [-1.01843329e-04  5.44054025e-02  1.90538501e+01  7.13701434e-05] [-2.76927533e-09  2.04698499e-05  7.13701434e-05  2.70459493e-09]] [7.79402977e-05 1.19397283e-05 2.25919776e-05 3.02005315e-05 5.55689333e-05 1.26128146e-04 8.37556012e-05 5.29902973e-04 5.81226388e-05 1.84420479e-04 1.56594590e-04 2.63101246e-04 1.64845601e-04 2.68539681e-04 2.09254714e-04 1.79954043e-04 1.45524273e-04 1.67671900e-04 3.16531750e-04]
identified [6.17481479e-05 1.98951164e+03 4.69295691e-01 1.57913735e-06] [[ 2.01797711e-08 -1.49367074e-03 -1.46402965e-04 -1.93402209e-08] [-1.49367074e-03  1.17036919e+02  1.07025315e+01  1.44943718e-03] [-1.46402965e-04  1.07025315e+01  1.27469595e+00  1.38425128e-04] [-1.93402209e-08  1.44943718e-03  1.38425128e-04  1.86428461e-08]] [2.59800992e-05 0.00000000e+00 4.51839552e-05 2.01336877e-05 6.48304221e-05 4.90498346e-05 3.48981671e-05 5.93856780e-05 7.99186283e-05 2.40548450e-05 5.21981966e-05 1.03645945e-04 5.73376002e-05 7.16105817e-05 3.95887297e-05 5.53704746e-05 1.36964021e-04 3.35343799e-05 3.51701944e-05]
collective [-3.04346896e-04  1.99500324e+03  5.17629264e-01  3.74619391e-04] [[ 4.24959906e-08  1.57375489e-04  1.52869033e-04 -2.55831557e-08] [ 1.57375489e-04  1.22722301e+01  5.15542477e-01 -2.79050265e-04] [ 1.52869033e-04  5.15542477e-01  8.18856515e-01 -9.06329802e-05] [-2.55831557e-08 -2.79050265e-04 -9.06329802e-05  2.03187020e-08]] [1.47220562e-04 3.58191848e-04 1.80735821e-04 6.44278006e-04 7.96488043e-04 1.54156623e-04 1.95429736e-04 7.76581943e-05 2.17959895e-04 3.60822676e-04 9.13468440e-05 6.37821203e-05 1.00340800e-04 3.69988005e-04 1.13110656e-05 3.69136497e-05 3.42410053e-05 5.74875084e-05 2.93084954e-05]
critique [-1.76392395e-04  1.98915495e+03  5.92720375e+00  2.08261577e-04] [[ 4.43670007e-10 -1.44534944e-06  1.03137381e-04 -3.89388832e-10] [-1.44534944e-06  4.10957303e-01 -1.51547395e+01  2.84456958e-07] [ 1.03137381e-04 -1.51547395e+01  5.88979948e+02 -6.08054905e-05] [-3.89388832e-10  2.84456958e-07 -6.08054905e-05  3.85418049e-10]] [2.25160860e-04 1.91035652e-04 1.58143843e-04 3.02005315e-05 4.63074444e-05 7.00711923e-06 3.48981671e-05 2.74087745e-05 7.26532985e-05 0.00000000e+00 0.00000000e+00 3.18910601e-05 3.58360001e-06 4.17728393e-05 1.13110656e-05 4.61420622e-05 3.42410053e-05 2.39531285e-05 9.96488842e-05]
sorts [-1.23989634e-04  1.99651663e+03  1.62380036e+00  1.52659408e-04] [[ 5.41700892e-10 -5.40751927e-07  1.62560175e-05 -2.52590328e-10] [-5.40751927e-07  5.54349661e-01 -1.50930352e-02 -3.36096750e-06] [ 1.62560175e-05 -1.50930352e-02  2.83923460e+00 -7.58702161e-06] [-2.52590328e-10 -3.36096750e-06 -7.58702161e-06  2.38559864e-10]] [8.66003308e-05 1.91035652e-04 1.24255877e-04 2.11403721e-04 1.57445311e-04 7.00711923e-05 1.88450103e-04 1.59884518e-04 2.03429236e-04 6.41462535e-05 1.04396393e-04 1.59455301e-05 2.86688001e-05 5.96754847e-05 1.69665984e-05 3.22994435e-05 2.56807540e-05 2.87437542e-05 1.75850972e-05]
independence [-9.68625268e-05  1.99494325e+03  1.07954194e+01  1.20076758e-04] [[ 1.12548747e-09  1.04660412e-03  1.99175111e-01 -6.53896340e-10] [ 1.04660412e-03  9.73468113e+03  1.85185438e+06 -8.48604991e-04] [ 1.99175111e-01  1.85185438e+06  3.52286233e+08 -1.61275860e-01] [-6.53896340e-10 -8.48604991e-04 -1.61275860e-01  6.36550410e-10]] [1.81860695e-04 3.58191848e-05 6.77759328e-05 1.10735282e-04 3.05629133e-04 5.60569539e-05 2.79185337e-05 1.87293292e-04 2.17959895e-05 3.20731267e-05 2.60990983e-05 3.18910601e-05 7.16720003e-06 1.79026454e-05 3.95887297e-05 3.69136497e-05 2.56807540e-05 1.43718771e-05 2.34467963e-05]
character [-4.93638529e-04  1.98943845e+03  1.82383262e-01  4.92121489e-04] [[ 3.03778941e-07  5.37430257e-03  9.14109761e-05 -2.69307485e-07] [ 5.37430257e-03  9.73576786e+01  1.58336646e+00 -4.81090744e-03] [ 9.14109761e-05  1.58336646e+00  2.87385041e-02 -8.00871616e-05] [-2.69307485e-07 -4.81090744e-03 -8.00871616e-05  2.39841870e-07]] [3.11761191e-04 2.74613750e-04 2.25919776e-04 2.41604252e-04 2.31537222e-04 2.03206458e-04 1.04694501e-04 1.32475743e-04 2.17959895e-04 9.62193802e-05 1.04396393e-04 7.97276503e-05 7.16720003e-05 4.17728393e-05 4.52442625e-05 2.30710311e-05 4.28012566e-05 4.31156313e-05 3.51701944e-05]
amendment [-4.62321350e-04  1.99609802e+03  1.21101574e+01  5.65749115e-04] [[ 1.39559919e-08 -7.68682083e-03  9.49997094e-01 -6.57885249e-09] [-7.68682083e-03  6.14684706e+04 -7.59333704e+06  6.50001726e-04] [ 9.49997094e-01 -7.59333704e+06  9.38022783e+08 -8.09094734e-02] [-6.57885249e-09  6.50001726e-04 -8.09094734e-02  6.50393210e-09]] [3.20421224e-04 3.94011032e-04 4.06655597e-04 3.52339535e-04 3.98244022e-04 1.26128146e-03 9.63189413e-04 4.56812908e-04 5.08573089e-04 4.97133464e-04 2.60990983e-05 1.35537006e-04 1.03924400e-04 1.84994003e-04 4.52442625e-05 4.15278560e-05 1.96885781e-04 1.05393765e-04 8.20637870e-05]
statutory [-1.41703148e-03  1.99015985e+03  1.51276994e+01  1.66392999e-03] [[ 9.29015486e-08 -4.19779146e-02  3.97589036e+00 -7.64794621e-08] [-4.19779146e-02  1.49560364e+06 -1.41510025e+08  1.56691411e-03] [ 3.97589036e+00 -1.41510025e+08  1.33893019e+10 -1.52382609e-01] [-7.64794621e-08  1.56691411e-03 -1.52382609e-01  7.64361200e-08]] [1.00456384e-03 9.19359075e-04 3.03862099e-03 1.58049448e-03 1.29660844e-04 2.10213577e-04 1.53551935e-04 1.05066969e-04 6.53879686e-05 1.76402197e-04 7.82972948e-05 6.93630558e-04 3.11773201e-04 1.79026454e-04 3.84576231e-04 4.19892766e-04 8.56025133e-05 8.62312627e-05 6.21340102e-04]
aggressive [-1.76807899e-04  1.99086757e+03  2.05097796e+00  2.17164027e-04] [[ 4.33153944e-09  2.36962330e-05  1.26256016e-04 -3.55496803e-09] [ 2.36962330e-05  1.07710691e+00  8.31228216e-01 -2.82769433e-05] [ 1.26256016e-04  8.31228216e-01  1.56775620e+01 -1.04760007e-04] [-3.55496803e-09 -2.82769433e-05 -1.04760007e-04  3.45914779e-09]] [2.07840794e-04 3.58191848e-05 4.74431529e-04 1.00668438e-04 1.48183822e-04 4.20427154e-05 2.09389003e-05 4.56812908e-06 7.26532985e-06 5.61279718e-05 1.30495491e-05 0.00000000e+00 2.50852001e-05 2.98377424e-05 4.52442625e-05 6.45988871e-05 2.56807540e-05 9.10218884e-05 1.46542477e-04]
cost-benefit [4.71344887e-04 1.99502626e+03 3.34959203e+01 5.06781341e-05] [[ 2.48633173e-08 -1.99355352e-06 -1.56332943e-09 -1.38129541e-08] [-1.99355352e-06  1.10584640e-02  8.67196289e-06  2.98408334e-06] [-1.56332943e-09  8.67196289e-06  6.80048699e-09  2.34009534e-09] [-1.38129541e-08  2.98408334e-06  2.34009534e-09  1.38129541e-08]] [6.92802647e-05 0.00000000e+00 1.12959888e-04 8.05347507e-05 3.70459555e-05 7.00711923e-06 2.09389003e-05 7.76581943e-05 1.88898576e-04 1.48338211e-03 9.13468440e-05 2.39182951e-05 4.83786002e-04 8.65294528e-04 6.61697339e-04 6.55217283e-04 3.85211310e-04 3.06600045e-04 2.63776458e-04]
construction [-5.76433590e-04  1.99022328e+03  1.45825719e+01  6.40568258e-04] [[ 1.99008820e-08 -7.75743338e-03  5.09949958e-01 -1.63878571e-08] [-7.75743338e-03  2.56037345e+05 -1.67187252e+07  1.54395619e-05] [ 5.09949958e-01 -1.67187252e+07  1.09170227e+09 -4.43863428e-03] [-1.63878571e-08  1.54395619e-05 -4.43863428e-03  1.63861434e-08]] [2.25160860e-04 3.70131576e-04 1.32163069e-03 6.24144318e-04 3.70459555e-05 5.60569539e-05 6.28167009e-05 8.22263234e-05 2.17959895e-05 5.61279718e-05 9.13468440e-05 1.11618710e-04 1.32593200e-04 2.98377424e-05 1.18766189e-04 2.30710311e-05 0.00000000e+00 9.58125141e-06 1.28957380e-04]
statutes [-1.26545420e-03  1.99081450e+03  1.52001385e+01  1.46134136e-03] [[ 8.23738613e-08  1.55851573e-01  1.27743164e+01 -6.78263186e-08] [ 1.55851573e-01  1.43015977e+06  1.17214515e+08 -1.55707639e-01] [ 1.27743164e+01  1.17214515e+08  9.60678988e+09 -1.27614198e+01] [-6.78263186e-08 -1.55707639e-01 -1.27614198e+01  6.78094428e-08]] [8.48683242e-04 6.20865869e-04 2.73362929e-03 1.65096239e-03 1.11137867e-04 1.61163742e-04 1.74490836e-04 1.50748260e-04 7.99186283e-05 6.25425971e-04 1.56594590e-04 2.55128481e-04 3.47609201e-04 1.01448324e-04 1.18766189e-04 2.26096105e-04 1.11283267e-04 5.26968827e-05 3.28255148e-04]
controls [-2.73723267e-04  1.99296328e+03  1.82217783e+00  3.31074928e-04] [[ 4.83378953e-09  1.12476299e-05  7.77699100e-05 -3.35142873e-09] [ 1.12476299e-05  7.76218121e-01  1.92547858e-01 -1.86127865e-05] [ 7.77699100e-05  1.92547858e-01  6.85834471e+00 -5.40718559e-05] [-3.35142873e-09 -1.86127865e-05 -5.40718559e-05  3.23152735e-09]] [1.73200662e-04 1.55216467e-04 2.48511753e-04 6.24144318e-04 5.27904866e-04 1.89192219e-04 2.09389003e-04 1.00498840e-04 7.99186283e-05 5.61279718e-05 5.21981966e-05 1.59455301e-05 1.79180001e-05 4.77403878e-05 8.48329921e-05 1.19969362e-04 8.56025133e-06 4.79062570e-05 9.96488842e-05]
annual [8.67740954e-05 1.99045260e+03 3.20084651e-01 9.57655786e-06] [[ 4.44637520e-08 -3.03982788e-03 -1.61654655e-04 -4.07195865e-08] [-3.03982788e-03  2.22136333e+02  1.07101243e+01  2.84166167e-03] [-1.61654655e-04  1.07101243e+01  6.63134736e-01  1.45221467e-04] [-4.07195865e-08  2.84166167e-03  1.45221467e-04  3.76328277e-08]] [5.19601985e-05 1.19397283e-05 2.25919776e-05 3.02005315e-05 1.48183822e-04 4.90498346e-05 4.18778006e-05 5.02494198e-05 8.71839582e-05 1.20274225e-04 3.91486474e-05 6.37821203e-05 1.21842400e-04 1.01448324e-04 1.24421722e-04 1.43040393e-04 6.84820106e-05 7.66500113e-05 7.03403889e-05]
people [ 4.19471963e-03  1.99275906e+03  4.15932915e-01 -3.12929922e-05] [[ 2.23990963e-06 -2.08096832e-03 -3.59501445e-04 -1.80847994e-06] [-2.08096832e-03  3.42592041e+00  3.07925559e-01  1.99276501e-03] [-3.59501445e-04  3.07925559e-01  7.11185154e-02  2.81173735e-04] [-1.80847994e-06  1.99276501e-03  2.81173735e-04  1.55763329e-06]] [0.00032908 0.00059699 0.00035018 0.00089595 0.00199122 0.00155558 0.00204503 0.00210591 0.00340017 0.00322335 0.00485443 0.00208886 0.00337575 0.0040281  0.00478458 0.00497411 0.00481942 0.00361213 0.00315359]
politics [-7.06539032e-04  1.99195389e+03  3.96315746e-01  7.47486191e-04] [[ 2.10687620e-07  1.37225603e-03  1.66659273e-04 -1.80926535e-07] [ 1.37225603e-03  1.20528068e+01  1.01844471e+00 -1.28660949e-03] [ 1.66659273e-04  1.01844471e+00  1.57941667e-01 -1.39023166e-04] [-1.80926535e-07 -1.28660949e-03 -1.39023166e-04  1.60968814e-07]] [4.15681588e-04 1.12233446e-03 3.50175653e-04 3.72473222e-04 7.13134644e-04 2.45249173e-04 3.21063138e-04 2.00997679e-04 3.19674513e-04 1.44329070e-04 1.17445942e-04 1.19591476e-04 8.95900003e-05 2.38701939e-05 3.95887297e-05 5.99846808e-05 7.70422620e-05 4.31156313e-05 4.10318935e-05]
congressional [-4.61959058e-04  1.99041747e+03  8.86195525e-01  5.63169303e-04] [[ 1.82027343e-08  1.04060433e-04  6.44085540e-05 -1.66084742e-08] [ 1.04060433e-04  1.03008068e+00  3.58239596e-01 -1.05259173e-04] [ 6.44085540e-05  3.58239596e-01  3.70806400e-01 -5.79437338e-05] [-1.66084742e-08 -1.05259173e-04 -5.79437338e-05  1.58776882e-08]] [5.28262018e-04 5.37287771e-04 3.95359608e-04 5.43609568e-04 6.48304221e-05 2.94299008e-04 1.18653768e-04 2.19270196e-04 1.30775937e-04 6.41462535e-05 5.21981966e-05 7.97276503e-05 8.95900003e-05 2.38701939e-05 1.13110656e-05 1.19969362e-04 9.41627646e-05 1.58090648e-04 2.22744565e-04]
asking [9.78117466e-05 1.99721580e+03 3.03369782e-01 1.63802119e-05] [[ 5.12621191e-09  1.07134241e-04 -2.55448676e-05 -1.93344352e-09] [ 1.07134241e-04  1.19373696e+01 -4.78972873e-01  4.26174695e-06] [-2.55448676e-05 -4.78972873e-01  1.39545565e-01  9.95898853e-06] [-1.93344352e-09  4.26174695e-06  9.95898853e-06  9.73695470e-10]] [1.73200662e-05 2.38794565e-05 4.51839552e-05 2.01336877e-05 9.26148888e-06 2.10213577e-05 4.18778006e-05 5.93856780e-05 3.63266492e-05 7.21645351e-05 9.13468440e-05 4.78365902e-05 8.24228003e-05 4.17728393e-05 8.48329921e-05 1.06126743e-04 1.36964021e-04 1.43718771e-04 5.27552916e-05]
changed [-1.73145113e-04  1.99401535e+03  4.65160564e-01  1.98795515e-04] [[ 2.23616274e-08  3.10716385e-04  1.16187069e-04 -1.56893703e-08] [ 3.10716385e-04  1.93201692e+01  1.46411891e+00 -3.50733897e-04] [ 1.16187069e-04  1.46411891e+00  8.09853974e-01 -7.93090730e-05] [-1.56893703e-08 -3.50733897e-04 -7.93090730e-05  1.28488799e-08]] [1.21240463e-04 3.58191848e-05 5.08319496e-04 2.41604252e-04 3.70459555e-05 4.90498346e-05 9.07352346e-05 2.55815228e-04 7.99186283e-05 7.21645351e-05 2.60990983e-05 5.58093552e-05 3.58360001e-05 4.17728393e-05 2.26221312e-05 4.61420622e-05 2.56807540e-05 2.87437542e-05 2.34467963e-05]
notion [-2.99458130e-04  1.99877775e+03  3.42163370e-01  3.04320200e-04] [[ 2.45872033e-08 -3.25649004e-04  4.28631111e-05 -5.72782315e-09] [-3.25649004e-04  7.73326713e+00 -5.19102397e-01  2.61512230e-05] [ 4.28631111e-05 -5.19102397e-01  8.55198497e-02 -1.10021381e-05] [-5.72782315e-09  2.61512230e-05 -1.10021381e-05  2.27133963e-09]] [3.98361522e-04 2.98493206e-04 1.92031810e-04 3.42272691e-04 1.75968289e-04 3.36341723e-04 2.58246437e-04 2.60383357e-04 2.17959895e-04 1.76402197e-04 3.13189179e-04 1.43509771e-04 1.79180001e-04 8.35456786e-05 9.04885249e-05 8.30557119e-05 4.28012566e-05 4.79062570e-05 5.86169907e-05]
irrationality [-1.28169610e-04  1.99194531e+03  1.24415939e+01  1.44131813e-04] [[ 1.76673380e-09  5.95328190e-03  1.35431841e+00 -1.33192127e-09] [ 5.95328190e-03  1.19088717e+05  2.70927059e+07 -5.41956876e-03] [ 1.35431841e+00  2.70927059e+07  6.16359806e+09 -1.23272534e+00] [-1.33192127e-09 -5.41956876e-03 -1.23272534e+00  1.30760388e-09]] [1.73200662e-05 1.19397283e-05 3.16287686e-04 1.61069501e-04 2.31537222e-04 7.00711923e-06 4.88574340e-05 7.30900652e-05 7.26532985e-06 1.60365634e-05 2.60990983e-05 3.18910601e-05 1.43344001e-05 0.00000000e+00 1.13110656e-05 4.61420622e-06 8.56025133e-06 0.00000000e+00 0.00000000e+00]
judgments [8.13734202e-04 1.99261843e+03 1.50448767e+00 1.78586717e-04] [[ 1.09652488e-07 -1.21889366e-04 -4.68890582e-04 -7.95507483e-08] [-1.21889366e-04  2.27443934e+00  5.32354255e-01  1.80019731e-04] [-4.68890582e-04  5.32354255e-01  8.66310912e+00  3.40501955e-04] [-7.95507483e-08  1.80019731e-04  3.40501955e-04  7.63774134e-08]] [1.64540629e-04 4.77589130e-05 2.37215765e-04 2.41604252e-04 3.88982533e-04 2.03206458e-04 9.49230146e-04 5.80152393e-04 9.73554199e-04 1.25085194e-03 2.80565306e-03 7.65385443e-04 8.63647603e-04 8.59326980e-04 8.37018856e-04 8.53628150e-04 4.79374074e-04 6.17990716e-04 7.56159180e-04]
influences [1.40023114e-04 1.99876363e+03 2.14247656e+00 1.92314867e-05] [[ 6.93931541e-10  1.97741134e-06 -2.44365135e-05 -2.31072504e-10] [ 1.97741134e-06  3.88065064e-01  3.41730510e-02  2.15908928e-06] [-2.44365135e-05  3.41730510e-02  6.26121773e+00  8.81353455e-06] [-2.31072504e-10  2.15908928e-06  8.81353455e-06  2.17631081e-10]] [2.59800992e-05 1.19397283e-05 0.00000000e+00 3.02005315e-05 2.77844666e-05 2.80284769e-05 1.39592669e-05 1.37043872e-05 1.45306597e-05 2.40548450e-05 2.60990983e-05 3.98638252e-05 1.11091600e-04 1.25318518e-04 2.26221312e-04 2.90694992e-04 1.02723016e-04 9.10218884e-05 1.05510583e-04]
media [7.31850438e-05 1.99101336e+03 2.46512507e+01 1.56850053e-05] [[ 9.83918831e-10 -8.05418545e-07 -4.36401202e-10 -7.65270202e-10] [-8.05418545e-07  1.74256414e-02  9.44176282e-06  1.01382225e-06] [-4.36401202e-10  9.44176282e-06  5.11584526e-09  5.49320912e-10] [-7.65270202e-10  1.01382225e-06  5.49320912e-10  7.65270202e-10]] [8.66003308e-06 2.38794565e-05 0.00000000e+00 3.02005315e-05 4.63074444e-05 2.45249173e-04 2.79185337e-05 8.22263234e-05 8.71839582e-05 5.61279718e-05 1.04396393e-04 1.43509771e-04 1.18258800e-04 8.35456786e-05 3.39331968e-05 1.15355155e-04 8.56025133e-06 9.10218884e-05 4.68935926e-05]
believe [7.98243966e-04 2.00097821e+03 1.69486461e-01 1.07411589e-04] [[ 1.37482138e-06  1.35290342e-02 -2.82981265e-04 -2.55859903e-07] [ 1.35290342e-02  1.42796494e+02 -2.69516063e+00 -2.22708498e-03] [-2.82981265e-04 -2.69516063e+00  5.99698266e-02  5.58132119e-05] [-2.55859903e-07 -2.22708498e-03  5.58132119e-05  5.69051074e-08]] [0.00022516 0.00025073 0.00010166 0.000151   0.00019449 0.00022423 0.00038388 0.00034718 0.00030514 0.00033677 0.00037844 0.00036675 0.00035836 0.00056095 0.00054859 0.00059985 0.00051362 0.00047906 0.00073271]
constitutionalism [-1.57991130e-04  1.99471989e+03  9.14428731e-01  1.84005950e-04] [[ 3.77570484e-09  1.59305369e-05  5.05305855e-05 -2.27253756e-09] [ 1.59305369e-05  3.50496285e+00  2.10195163e-01 -3.81579848e-05] [ 5.05305855e-05  2.10195163e-01  1.89700075e+00 -3.03405568e-05] [-2.27253756e-09 -3.81579848e-05 -3.03405568e-05  2.05611754e-09]] [2.94441125e-04 1.55216467e-04 4.51839552e-05 1.00668438e-04 4.07505511e-04 9.10925500e-05 1.67511202e-04 3.65450326e-05 2.25225225e-04 1.60365634e-05 1.30495491e-05 1.59455301e-05 2.50852001e-05 4.77403878e-05 2.82776640e-05 4.61420622e-05 2.56807540e-05 4.79062570e-06 4.68935926e-05]
neglect [1.58913998e-04 2.00002772e+03 1.49776715e+01 1.03924342e-05] [[ 1.42379563e-09  2.52012042e-02 -1.36162001e+01 -3.63442941e-10] [ 2.52012042e-02  2.65547710e+06 -1.43476734e+09 -3.62213894e-03] [-1.36162001e+01 -1.43476734e+09  7.75211858e+11  1.95724735e+00] [-3.63442941e-10 -3.62213894e-03  1.95724735e+00  3.34006587e-10]] [2.59800992e-05 0.00000000e+00 0.00000000e+00 2.01336877e-05 0.00000000e+00 0.00000000e+00 0.00000000e+00 3.19769035e-05 1.45306597e-05 1.60365634e-05 2.60990983e-05 1.59455301e-05 1.43344001e-05 2.38701939e-05 2.48843444e-04 3.46065466e-04 6.84820106e-05 6.22781341e-05 1.40680778e-04]
text [-6.82870150e-04  1.99430397e+03  4.83134528e-01  8.25577427e-04] [[ 9.30604929e-08  2.74297268e-04  1.31833809e-04 -6.26491203e-08] [ 2.74297268e-04  5.20272018e+00  3.52497175e-01 -3.38805635e-04] [ 1.31833809e-04  3.52497175e-01  2.59046054e-01 -8.66126589e-05] [-6.26491203e-08 -3.38805635e-04 -8.66126589e-05  5.08746548e-08]] [3.98361522e-04 9.55178260e-04 1.00534300e-03 9.66417009e-04 4.72335933e-04 9.17932620e-04 2.16368636e-04 7.76581943e-04 2.76082534e-04 2.88658141e-04 9.13468440e-05 6.77685028e-04 3.08189601e-04 6.56430332e-05 1.07455123e-04 2.44552930e-04 5.99217593e-05 6.22781341e-05 1.75850972e-04]
neutral [-1.52520495e-04  1.99399940e+03  1.62446715e+01  1.71607873e-04] [[ 1.80015553e-09  2.49113782e-03  6.71131666e+01 -1.10099048e-09] [ 2.49113782e-03  2.93727474e+04  7.91412431e+08 -1.53353061e-03] [ 6.71131666e+01  7.91412431e+08  2.13236450e+13 -4.12981001e+01] [-1.10099048e-09 -1.53353061e-03 -4.12981001e+01  1.05099373e-09]] [3.46401323e-04 1.31337011e-04 4.51839552e-05 6.04010631e-05 7.40919110e-05 2.31234935e-04 3.28042771e-04 6.39538071e-05 5.08573089e-05 1.60365634e-05 0.00000000e+00 1.59455301e-05 1.43344001e-05 1.79026454e-05 0.00000000e+00 2.30710311e-05 1.71205027e-05 5.26968827e-05 1.75850972e-05]
federalism [-1.19161942e-04  1.99188533e+03  1.66177936e+01  1.34078234e-04] [[ 2.59438514e-10  2.83157277e-02  4.10421477e+00 -1.98217259e-10] [ 2.83157277e-02  1.99409401e+07  2.89031879e+09 -2.80878174e-02] [ 4.10421477e+00  2.89031879e+09  4.18934246e+11 -4.07114612e+00] [-1.98217259e-10 -2.80878174e-02 -4.07114612e+00  1.97895936e-10]] [1.55880595e-04 1.31337011e-04 9.03679104e-05 1.20802126e-04 1.75968289e-04 0.00000000e+00 6.97963343e-06 1.37043872e-05 1.45306597e-05 4.00914084e-05 0.00000000e+00 0.00000000e+00 1.79180001e-05 0.00000000e+00 1.13110656e-05 1.84568249e-05 8.56025133e-05 0.00000000e+00 1.17233981e-05]
harv [-5.20028434e-04  1.98884346e+03  4.06495650e-01  5.74476657e-04] [[ 1.04445171e-07  1.00778361e-03  6.14012004e-05 -1.01143143e-07] [ 1.00778361e-03  9.96593883e+00  5.90649231e-01 -9.80871714e-04] [ 6.14012004e-05  5.90649231e-01  4.19331245e-02 -5.88603986e-05] [-1.01143143e-07 -9.80871714e-04 -5.88603986e-05  9.81961258e-08]] [3.55061356e-04 4.53709674e-04 3.04991697e-04 2.31537408e-04 1.29660844e-04 1.89192219e-04 1.60531569e-04 1.32475743e-04 1.16245278e-04 8.82010985e-05 9.13468440e-05 3.18910601e-05 5.01704002e-05 2.98377424e-05 3.95887297e-05 6.45988871e-05 2.56807540e-05 6.70687599e-05 1.05510583e-04]
rev [-1.72004374e-03  1.98818615e+03  3.24559084e-01  2.14595000e-03] [[ 4.08063851e-06  1.39843773e-02  4.74805152e-04 -3.95854028e-06] [ 1.39843773e-02  4.84676132e+01  1.62778680e+00 -1.35965851e-02] [ 4.74805152e-04  1.62778680e+00  6.21690225e-02 -4.56861582e-04] [-3.95854028e-06 -1.35965851e-02 -4.56861582e-04  3.84529666e-06]] [0.00136829 0.00140889 0.00128774 0.00110735 0.00050012 0.00077779 0.00095621 0.00065324 0.00082825 0.00053722 0.00053503 0.00028702 0.00044795 0.00041773 0.00031671 0.00041528 0.00047937 0.00054134 0.00052169]
1987 [-7.12014892e-04  1.99023919e+03  1.15590522e+00  8.07479885e-04] [[ 1.48057579e-08  4.22717285e-05  4.96260264e-05 -1.33540554e-08] [ 4.22717285e-05  2.78598518e-01  1.38991963e-01 -4.39761600e-05] [ 4.96260264e-05  1.38991963e-01  3.28049914e-01 -4.43543212e-05] [-1.33540554e-08 -4.39761600e-05 -4.43543212e-05  1.28568606e-08]] [5.62902150e-04 1.03875636e-03 6.77759328e-04 4.02673754e-04 3.14890622e-04 2.10213577e-04 1.95429736e-04 1.82725163e-04 1.67102586e-04 1.04237662e-04 5.21981966e-05 7.97276503e-05 1.07508000e-04 6.56430332e-05 4.52442625e-05 7.38272995e-05 2.56807540e-05 7.18593856e-05 1.05510583e-04]
j. [-1.03646161e-03  1.99014768e+03  7.05966091e-01  1.26344409e-03] [[ 5.88769869e-08  1.88072841e-04  5.98289154e-05 -5.51416415e-08] [ 1.88072841e-04  7.76993204e-01  1.86189749e-01 -1.85221684e-04] [ 5.98289154e-05  1.86189749e-01  8.41732740e-02 -5.51341748e-05] [-5.51416415e-08 -1.85221684e-04 -5.51341748e-05  5.28276608e-08]] [0.00101322 0.00133725 0.00089238 0.00064428 0.00062052 0.00050451 0.0003769  0.00033804 0.0001671  0.00016037 0.00035234 0.00019932 0.00015051 0.00015516 0.00019794 0.00019841 0.00041089 0.00018683 0.00029308]
u.s. [-2.35723401e-03  1.99093720e+03  5.67789285e-01  2.65711050e-03] [[ 6.37092576e-07  1.03592142e-03  2.30024884e-04 -5.79650143e-07] [ 1.03592142e-03  2.26451988e+00  3.59139518e-01 -1.01066413e-03] [ 2.30024884e-04  3.59139518e-01  1.10838576e-01 -2.04776279e-04] [-5.79650143e-07 -1.01066413e-03 -2.04776279e-04  5.43711593e-07]] [2.25160860e-03 2.31630728e-03 2.41734160e-03 1.99323508e-03 5.37166355e-04 1.67470150e-03 5.72329941e-04 1.31562117e-03 2.76082534e-04 3.60822676e-04 3.13189179e-04 2.71074011e-04 1.54094801e-04 7.16105817e-05 7.35219265e-05 2.16867692e-04 6.16338096e-04 4.26365688e-04 6.15478403e-04]
1976 [-3.28723502e-04  1.98856785e+03  3.79356581e-01  3.58522262e-04] [[ 1.85042006e-07  2.95687276e-03  1.46830527e-04 -1.79615208e-07] [ 2.95687276e-03  4.80981114e+01  2.34491231e+00 -2.88032304e-03] [ 1.46830527e-04  2.34491231e+00  1.33828716e-01 -1.41236686e-04] [-1.79615208e-07 -2.88032304e-03 -1.41236686e-04  1.74677762e-07]] [1.90520728e-04 3.10432935e-04 1.92031810e-04 7.04679069e-05 7.40919110e-05 1.54156623e-04 1.11674135e-04 1.05066969e-04 1.45306597e-05 4.00914084e-05 3.91486474e-05 1.59455301e-05 5.37540002e-05 6.56430332e-05 1.13110656e-05 9.22841244e-06 6.84820106e-05 1.91625028e-05 2.34467963e-05]
1981 [-2.41882788e-04  1.99077825e+03  1.68177075e+00  2.83708587e-04] [[ 5.01439455e-10  2.52977702e-06  8.12857949e-06 -4.20462600e-10] [ 2.52977702e-06  7.66987226e-02  4.26818446e-02 -2.93465331e-06] [ 8.12857949e-06  4.26818446e-02  4.55691961e-01 -6.82743717e-06] [-4.20462600e-10 -2.93465331e-06 -6.82743717e-06  4.07794634e-10]] [2.42480926e-04 2.74613750e-04 3.38879664e-04 2.11403721e-04 1.38922333e-04 7.00711923e-05 8.37556012e-05 6.39538071e-05 5.08573089e-05 7.21645351e-05 1.30495491e-05 7.97276503e-06 4.65868002e-05 5.37079362e-05 4.52442625e-05 9.22841244e-06 4.28012566e-05 2.87437542e-05 3.51701944e-05]
1975 [-1.31958709e-04  1.99146861e+03  5.97640295e-01  1.51971303e-04] [[ 1.33453702e-09  3.53482319e-05  1.02624601e-05 -1.17511683e-09] [ 3.53482319e-05  1.52578195e+00  2.58851405e-01 -3.50699414e-05] [ 1.02624601e-05  2.58851405e-01  1.11567680e-01 -8.82905260e-06] [-1.17511683e-09 -3.50699414e-05 -8.82905260e-06  1.08905175e-09]] [1.12580430e-04 1.67156196e-04 1.35551866e-04 1.30868970e-04 5.55689333e-05 8.40854308e-05 6.28167009e-05 5.02494198e-05 2.17959895e-05 4.00914084e-05 0.00000000e+00 7.17548853e-05 3.22524001e-05 2.38701939e-05 5.65553281e-06 9.22841244e-06 1.71205027e-05 1.43718771e-05 1.17233981e-05]
supra [-3.47617514e-03  1.98858313e+03  4.70708966e-01  4.22133888e-03] [[ 2.17574551e-05  2.76618827e-02  2.17368890e-03 -2.12372031e-05] [ 2.76618827e-02  3.60163168e+01  2.76893614e+00 -2.71107235e-02] [ 2.17368890e-03  2.76893614e+00  2.55528161e-01 -2.10392853e-03] [-2.12372031e-05 -2.71107235e-02 -2.10392853e-03  2.07722600e-05]] [0.00258069 0.00373713 0.00232697 0.00121809 0.0012503  0.0014785 0.00103997 0.00256729 0.00061029 0.00045704 0.00024794 0.00036675 0.00121126 0.00068627 0.00072956 0.00111202 0.00047937 0.00070422 0.00093201]
january [2.50123372e-04 2.00042747e+03 1.39217263e+00 1.87174326e-05] [[ 7.29670030e-10  3.77708021e-06 -9.32394940e-06 -1.45558904e-10] [ 3.77708021e-06  1.42030512e-01 -4.81626695e-02  8.57555215e-07] [-9.32394940e-06 -4.81626695e-02  3.93826374e-01  1.87356453e-06] [-1.45558904e-10  8.57555215e-07  1.87356453e-06  1.22541125e-10]] [2.59800992e-05 0.00000000e+00 4.51839552e-05 0.00000000e+00 9.26148888e-06 7.00711923e-06 1.39592669e-05 4.56812908e-06 0.00000000e+00 4.81096901e-05 3.91486474e-05 2.39182951e-05 8.24228003e-05 9.54807755e-05 1.64010451e-04 2.90694992e-04 3.08169048e-04 1.67671900e-04 2.98946653e-04]
accompanying [-3.58661710e-04  1.99498122e+03  6.50543142e-01  3.82875034e-04] [[ 2.81698804e-08  6.78107315e-05  1.14578193e-04 -1.67729880e-08] [ 6.78107315e-05  5.84107919e+00  2.60501597e-01 -1.47034693e-04] [ 1.14578193e-04  2.60501597e-01  8.76119381e-01 -6.76144791e-05] [-1.67729880e-08 -1.47034693e-04 -6.76144791e-05  1.41552730e-08]] [2.25160860e-04 8.47720706e-04 2.25919776e-05 4.12740598e-04 1.94491266e-04 6.37647850e-04 4.88574340e-05 4.75085424e-04 9.44492880e-05 1.20274225e-04 1.17445942e-04 7.17548853e-05 1.11091600e-04 2.38701939e-05 1.13110656e-05 2.76852373e-05 2.56807540e-05 2.39531285e-05 1.17233981e-05]
s. [-5.59817817e-04  1.99164081e+03  1.43561418e+00  6.57937036e-04] [[ 2.21332568e-08  4.86116681e-05  1.30760827e-04 -1.75662614e-08] [ 4.86116681e-05  8.54778926e-01  2.88601715e-01 -6.06070558e-05] [ 1.30760827e-04  2.88601715e-01  2.68618328e+00 -1.03683499e-04] [-1.75662614e-08 -6.06070558e-05 -1.03683499e-04  1.68915351e-08]] [3.98361522e-04 3.34312391e-04 1.14089487e-03 9.06015946e-04 1.75968289e-04 4.48455631e-04 1.32613035e-04 2.51247099e-04 9.44492880e-05 1.28292507e-04 7.82972948e-05 8.77004154e-05 7.88392003e-05 4.17728393e-05 1.07455123e-04 6.92130933e-05 1.36964021e-04 6.70687599e-05 6.44786898e-05]
1984 [-4.92258474e-04  1.98899195e+03  1.59730852e+01  5.79709509e-04] [[ 3.83180875e-09  1.81959208e-02  3.61223264e+01 -3.43532888e-09] [ 1.81959208e-02  2.58114588e+05  5.12419101e+08 -1.65895877e-02] [ 3.61223264e+01  5.12419101e+08  1.01727430e+12 -3.29332187e+01] [-3.43532888e-09 -1.65895877e-02 -3.29332187e+01  3.33208481e-09]] [4.84961853e-04 6.80564510e-04 3.04991697e-04 1.91270033e-04 1.11137867e-04 2.03206458e-04 1.53551935e-04 1.09635098e-04 1.01714618e-04 5.61279718e-05 2.60990983e-05 7.17548853e-05 5.01704002e-05 1.01448324e-04 3.39331968e-05 3.22994435e-05 2.56807540e-05 3.83250056e-05 9.96488842e-05]
corp. [-1.54175706e-04  1.99091117e+03  1.37651705e+01  1.70154223e-04] [[ 5.34874660e-10  5.19745595e-03  8.05465660e-01 -4.38514563e-10] [ 5.19745595e-03  2.37721170e+05  3.68404178e+07 -5.07178961e-03] [ 8.05465660e-01  3.68404178e+07  5.70927882e+09 -7.85960689e-01] [-4.38514563e-10 -5.07178961e-03 -7.85960689e-01  4.35829722e-10]] [1.21240463e-04 1.19397283e-04 2.25919776e-04 2.21470565e-04 1.85229778e-05 6.30640731e-05 2.09389003e-05 2.74087745e-05 0.00000000e+00 0.00000000e+00 0.00000000e+00 0.00000000e+00 3.58360001e-06 2.38701939e-05 3.95887297e-05 0.00000000e+00 0.00000000e+00 0.00000000e+00 7.03403889e-05]
f.2d [-5.36373708e-04  1.99001591e+03  2.47136687e+01  6.08752348e-04] [[ 3.00026327e-09  4.04896814e-07  2.60606125e-10 -2.50021939e-09] [ 4.04896814e-07  8.33200297e-04  5.36277622e-07 -4.68085882e-07] [ 2.60606125e-10  5.36277622e-07  3.45167529e-10 -3.01276877e-10] [-2.50021939e-09 -4.68085882e-07 -3.01276877e-10  2.50021939e-09]] [4.76301819e-04 5.25348043e-04 8.24607182e-04 3.92606910e-04 6.48304221e-05 2.03206458e-04 2.79185337e-05 1.09635098e-04 2.17959895e-05 6.41462535e-05 5.21981966e-05 1.03645945e-04 1.32593200e-04 1.37253615e-04 6.78663937e-05 3.22994435e-05 2.56807540e-05 1.91625028e-05 2.34467963e-05]
d.c. [-3.74095208e-04  1.99005626e+03  1.22611281e+01  4.05479202e-04] [[ 9.53807112e-10 -4.51817696e-04  9.85520868e-02 -7.80381721e-10] [-4.51817696e-04  3.90669501e+03 -8.51310589e+05  2.51496019e-04] [ 9.85520868e-02 -8.51310589e+05  1.85509793e+08 -5.49105452e-02] [-7.80381721e-10  2.51496019e-04 -5.49105452e-02  7.67464909e-10]] [3.37741290e-04 3.58191848e-04 5.19615485e-04 2.81871628e-04 5.55689333e-05 7.70783116e-05 0.00000000e+00 7.30900652e-05 1.45306597e-05 0.00000000e+00 0.00000000e+00 7.97276503e-05 6.80884002e-05 5.96754847e-06 0.00000000e+00 4.61420622e-05 8.56025133e-06 2.39531285e-05 1.75850972e-05]
denied [-1.42248268e-04  1.99189929e+03  3.85856458e-01  1.57336355e-04] [[ 1.68322570e-08  5.58174444e-04  6.28738345e-05 -1.44932009e-08] [ 5.58174444e-04  2.43394945e+01  1.95883163e+00 -5.21215257e-04] [ 6.28738345e-05  1.95883163e+00  2.78740817e-01 -5.26060949e-05] [-1.44932009e-08 -5.21215257e-04 -5.26060949e-05  1.28944440e-08]] [7.79402977e-05 1.91035652e-04 2.14623787e-04 3.02005315e-05 2.77844666e-05 1.26128146e-04 1.11674135e-04 4.56812908e-05 5.08573089e-05 3.20731267e-05 1.30495491e-05 1.59455301e-05 7.52556003e-05 1.79026454e-05 0.00000000e+00 2.30710311e-05 0.00000000e+00 1.91625028e-05 2.34467963e-05]
1974 [-1.15339339e-04  1.99177725e+03  4.15661039e-01  1.25034290e-04] [[ 3.47697727e-09  1.37042976e-04  1.76907787e-05 -3.02414583e-09] [ 1.37042976e-04  7.19950723e+00  6.56773868e-01 -1.29415807e-04] [ 1.76907787e-05  6.56773868e-01  1.09395872e-01 -1.49598064e-05] [-3.02414583e-09 -1.29415807e-04 -1.49598064e-05  2.72050689e-09]] [8.66003308e-05 1.31337011e-04 1.35551866e-04 5.03342192e-05 3.70459555e-05 9.80996693e-05 6.97963343e-05 5.02494198e-05 7.26532985e-06 2.40548450e-05 1.30495491e-05 3.18910601e-05 2.86688001e-05 1.79026454e-05 0.00000000e+00 4.61420622e-06 8.56025133e-06 1.43718771e-05 1.17233981e-05]
co. [-3.07668788e-04  1.99089212e+03  1.32331321e+01  3.62683197e-04] [[ 4.37901320e-09  1.28834747e-02  1.58053461e+00 -3.59589350e-09] [ 1.28834747e-02  1.79998312e+05  2.20817812e+07 -1.26757344e-02] [ 1.58053461e+00  2.20817812e+07  2.70894282e+09 -1.55492988e+00] [-3.59589350e-09 -1.26757344e-02 -1.55492988e+00  3.58120241e-09]] [2.77121059e-04 1.43276739e-04 6.43871361e-04 3.92606910e-04 8.33533999e-05 1.54156623e-04 6.97963343e-05 1.09635098e-04 2.17959895e-05 8.82010985e-05 0.00000000e+00 3.98638252e-05 6.80884002e-05 2.98377424e-05 1.13110656e-05 2.76852373e-05 5.13615080e-05 2.39531285e-05 9.96488842e-05]
1983 [-4.16494123e-04  1.99047140e+03  4.62500705e-01  4.54527522e-04] [[ 2.22879986e-08  2.45966380e-04  2.93554684e-05 -2.07289107e-08] [ 2.45966380e-04  3.08837392e+00  3.14015509e-01 -2.36229368e-04] [ 2.93554684e-05  3.14015509e-01  4.73294949e-02 -2.67655512e-05] [-2.07289107e-08 -2.36229368e-04 -2.67655512e-05  1.95543631e-08]] [3.46401323e-04 3.70131576e-04 4.29247574e-04 1.81203189e-04 1.57445311e-04 2.10213577e-04 1.74490836e-04 1.09635098e-04 9.44492880e-05 4.81096901e-05 3.91486474e-05 3.98638252e-05 6.45048002e-05 7.16105817e-05 2.26221312e-05 2.30710311e-05 4.28012566e-05 4.79062570e-05 3.51701944e-05]
1978 [-1.73015023e-04  1.99213308e+03  6.52794845e-01  2.12217999e-04] [[ 1.64045029e-09  2.75258625e-05  1.20271494e-05 -1.36633741e-09] [ 2.75258625e-05  1.11550018e+00  1.91538456e-01 -2.87578336e-05] [ 1.20271494e-05  1.91538456e-01  1.39141568e-01 -9.80308747e-06] [-1.36633741e-09 -2.87578336e-05 -9.80308747e-06  1.25042648e-09]] [1.99180761e-04 2.02975380e-04 2.25919776e-04 1.61069501e-04 9.26148888e-05 2.10213577e-04 8.37556012e-05 6.85219362e-05 4.35919791e-05 8.82010985e-05 1.30495491e-05 3.18910601e-05 7.88392003e-05 2.38701939e-05 3.39331968e-05 4.61420622e-05 4.28012566e-05 3.83250056e-05 4.10318935e-05]
notes [-3.56392507e-04  1.99347725e+03  5.65040213e-01  4.27890164e-04] [[ 4.73325742e-08  3.22281709e-04  1.52717347e-04 -3.50352347e-08] [ 3.22281709e-04  9.22471680e+00  9.65406231e-01 -3.68169308e-04] [ 1.52717347e-04  9.65406231e-01  7.54587997e-01 -1.10365740e-04] [-3.50352347e-08 -3.68169308e-04 -1.10365740e-04  3.03682754e-08]] [1.73200662e-04 9.19359075e-04 9.03679104e-05 5.13409036e-04 1.75968289e-04 4.90498346e-04 9.07352346e-05 4.24836004e-04 1.16245278e-04 9.62193802e-05 1.30495491e-04 7.97276503e-05 8.95900003e-05 7.75781301e-05 2.82776640e-05 1.38426187e-04 9.41627646e-05 8.62312627e-05 4.10318935e-05]
ยง [-5.16585968e-04  1.99123998e+03  3.19869229e-01  5.79286802e-04] [[ 1.28841745e-07  1.41184709e-03  9.00153623e-05 -1.13916427e-07] [ 1.41184709e-03  1.74912232e+01  9.41592286e-01 -1.29771946e-03] [ 9.00153623e-05  9.41592286e-01  7.09046623e-02 -7.77192685e-05] [-1.13916427e-07 -1.29771946e-03 -7.77192685e-05  1.02368051e-07]] [5.62902150e-04 3.46252119e-04 4.51839552e-04 3.02005315e-04 2.77844666e-04 3.15320365e-04 2.51266803e-04 3.56314068e-04 1.67102586e-04 2.56585014e-04 3.91486474e-05 6.37821203e-05 6.80884002e-05 0.00000000e+00 2.82776640e-05 5.07562684e-05 1.19843519e-04 1.91625028e-04 9.37871852e-05]
strauss [-1.33582721e-04  1.99317258e+03  5.62925315e-01  1.53578820e-04] [[ 1.94505622e-09  3.90361122e-05  1.62915275e-05 -1.48966205e-09] [ 3.90361122e-05  2.63874124e+00  3.04151299e-01 -4.26848333e-05] [ 1.62915275e-05  3.04151299e-01  2.05205278e-01 -1.21672811e-05] [-1.48966205e-09 -4.26848333e-05 -1.21672811e-05  1.30485912e-09]] [2.07840794e-04 7.16383695e-05 1.80735821e-04 1.20802126e-04 9.26148888e-05 1.26128146e-04 6.28167009e-05 1.32475743e-04 5.08573089e-05 3.20731267e-05 1.30495491e-05 1.59455301e-05 1.07508000e-05 1.19350969e-05 0.00000000e+00 1.38426187e-05 7.70422620e-05 3.83250056e-05 1.75850972e-05]
expert [1.19996332e-04 1.99602143e+03 2.37097982e+01 2.70916905e-05] [[ 2.13488314e-09 -3.97985642e-07 -3.59804842e-10 -1.06744157e-09] [-3.97985642e-07  2.28543037e-02  2.06617734e-05  9.98934226e-07] [-3.59804842e-10  2.06617734e-05  1.86795837e-08  9.03101353e-10] [-1.06744157e-09  9.98934226e-07  9.03101353e-10  1.06744157e-09]] [6.06202316e-05 1.19397283e-05 2.25919776e-05 5.03342192e-05 3.70459555e-05 0.00000000e+00 1.39592669e-05 1.82725163e-05 2.90613194e-05 7.21645351e-05 1.95743237e-04 1.03645945e-04 3.58360001e-05 1.01448324e-04 4.46787092e-04 3.22994435e-05 2.48247289e-04 7.18593856e-05 8.79254861e-05]
optimism [1.01754099e-04 1.99983505e+03 3.81588572e-01 4.19048205e-06] [[ 1.08056529e-08  4.87205966e-04 -5.76632678e-05 -1.67384671e-09] [ 4.87205966e-04  3.04222715e+01 -2.42817321e+00 -3.32594478e-05] [-5.76632678e-05 -2.42817321e+00  3.64583443e-01  1.03680752e-05] [-1.67384671e-09 -3.32594478e-05  1.03680752e-05  5.62503467e-10]] [2.59800992e-05 1.19397283e-05 0.00000000e+00 0.00000000e+00 0.00000000e+00 1.40142385e-05 0.00000000e+00 0.00000000e+00 1.45306597e-05 0.00000000e+00 1.04396393e-04 7.97276503e-06 3.22524001e-05 6.56430332e-05 9.61440577e-05 5.53704746e-05 8.56025133e-06 1.82043777e-04 6.44786898e-05]
medical [1.46609078e-04 1.99399877e+03 2.91865784e-01 1.76988238e-05] [[ 7.17432870e-08 -1.60490521e-03 -2.14227230e-04 -4.97399098e-08] [-1.60490521e-03  8.48918630e+01  4.35312506e+00  1.44716117e-03] [-2.14227230e-04  4.35312506e+00  6.96510235e-01  1.44666363e-04] [-4.97399098e-08  1.44716117e-03  1.44666363e-04  3.71771446e-08]] [2.59800992e-05 7.16383695e-05 3.38879664e-05 1.00668438e-05 6.48304221e-05 9.80996693e-05 1.32613035e-04 3.65450326e-05 2.90613194e-05 1.76402197e-04 2.60990983e-04 3.18910601e-05 3.58360001e-05 1.13383421e-04 1.97943648e-04 1.24583568e-04 3.50970304e-04 1.38928145e-04 5.27552916e-05]
enjoy [5.63000204e-05 1.99896980e+03 2.15474169e+01 1.31570868e-05] [[ 6.37294958e-10 -7.10183347e+00 -5.06826686e+03 -2.24826989e-10] [-7.10183347e+00  2.78575315e+12  1.98806956e+15  7.22945150e+00] [-5.06826686e+03  1.98806956e+15  1.41879784e+18  5.15934153e+03] [-2.24826989e-10  7.22945150e+00  5.15934153e+03  2.25158175e-10]] [8.66003308e-06 3.58191848e-05 0.00000000e+00 0.00000000e+00 1.85229778e-05 0.00000000e+00 1.39592669e-05 2.28406454e-05 2.90613194e-05 0.00000000e+00 1.30495491e-05 1.59455301e-05 5.01704002e-05 2.38701939e-04 3.95887297e-05 5.53704746e-05 8.56025133e-06 3.35343799e-05 4.10318935e-05]
size [6.67347675e-05 1.99682843e+03 1.58688097e+01 1.14476413e-05] [[ 1.38969466e-10 -5.44857757e-03 -5.04148835e-01 -6.53992253e-11] [-5.44857757e-03  4.49707037e+06  4.16025802e+08  5.42175535e-03] [-5.04148835e-01  4.16025802e+08  3.84867171e+10  5.01563326e-01] [-6.53992253e-11  5.42175535e-03  5.01563326e-01  6.53657491e-11]] [8.66003308e-06 0.00000000e+00 1.12959888e-05 0.00000000e+00 2.77844666e-05 1.40142385e-05 6.97963343e-06 9.13625815e-06 3.63266492e-05 0.00000000e+00 7.82972948e-05 1.43509771e-04 9.67572003e-05 8.35456786e-05 5.65553281e-05 6.45988871e-05 5.99217593e-05 8.14406370e-05 3.51701944e-05]
instructions [-2.08694044e-04  1.99088675e+03  2.60969181e+01  2.45465075e-04] [[ 6.65265164e-09  1.67949984e+02  3.87154452e+04 -5.47863401e-09] [ 1.67949984e+02  2.05940769e+13  4.74729928e+15 -1.67947183e+02] [ 3.87154452e+04  4.74729928e+15  1.09433652e+18 -3.87147983e+04] [-5.47863401e-09 -1.67947183e+02 -3.87147983e+04  5.47861113e-09]] [2.59800992e-05 1.19397283e-05 3.61471641e-04 5.83876943e-04 1.85229778e-05 2.10213577e-05 7.67759677e-05 3.19769035e-05 1.45306597e-05 4.00914084e-05 9.13468440e-05 8.77004154e-05 3.58360001e-05 1.19350969e-05 0.00000000e+00 9.22841244e-06 8.56025133e-06 1.91625028e-05 9.37871852e-05]
attention [3.41818459e-04 1.98991529e+03 8.88272904e-01 8.13914931e-06] [[ 5.38721169e-08 -4.29277574e-04 -2.34760873e-04 -5.04374819e-08] [-4.29277574e-04  4.92878740e+00  1.82887142e+00  4.28004596e-04] [-2.34760873e-04  1.82887142e+00  1.54607129e+00  2.16883401e-04] [-5.04374819e-08  4.28004596e-04  2.16883401e-04  4.86004392e-08]] [5.19601985e-05 1.19397283e-05 1.69439832e-04 1.30868970e-04 2.96367644e-04 3.36341723e-04 2.44287170e-04 2.83224003e-04 2.54286545e-04 7.13627070e-04 6.00279260e-04 3.18910601e-04 3.04606001e-04 2.38701939e-04 3.05398772e-04 3.13766023e-04 2.82488294e-04 2.44321911e-04 3.63425342e-04]
