# PARLER DE LA SELECTION PAR AN
# TOPIC 80-86: état doit prendre en compte préférences de l'individu ou les influencer ? Préférences collectives (premier pic) remplacée par le paternalisme libéral
# En ouverture: Graphe à comparer: ENDOWMENT et REPUBLICANISM
# Endowment: 1) définition orthodoxe, 2) interprétation économique, 3) ? 4) Ethique de l'économie (entitlement -> répartition initiale, pb de justice sociale) 5) Prospects theory etc. (interpretation comportementaliste)
# [0.7868781804995497, 0.5634369565609384, 0.546096125279571, 0.484394892890901, 0.47274192706588264]

# Republicanism: 1) orthodoxe 2) republicain au sens politique 3) T. proche de libertarian etc. [remplacement] 4) Constitution, caractère originel etc. OK 5) moins intéressant
# 

# Eco comportementale
0.8188887626976022	heuristics                                      [3.21658787e-04 2.00107531e+03 1.42063595e+01 3.83717572e-05] [[ 1.94161058e-09  1.34435263e-02 -2.53575023e+00 -3.52642687e-10][ 1.34435263e-02  4.34889304e+05 -8.20302201e+07 -4.37182583e-04][-2.53575023e+00 -8.20302201e+07  1.54728043e+10  8.25175946e-02][-3.52642687e-10 -4.37182583e-04  8.25175946e-02  3.39559912e-10]] [8.63356558e-06 0.00000000e+00 5.62670208e-05 2.00406826e-051.84617657e-05 2.09390464e-05 2.04648244e-05 1.81701728e-053.23298756e-05 1.81562344e-05 1.47913951e-04 6.63404926e-059.76067370e-05 2.98377424e-05 9.64205296e-05 5.16836407e-043.92028749e-04 2.09162214e-04 3.28255148e-04]
0.6696833172773802	errors                                      [1.49137495e-04 1.99610309e+03 1.16816998e+01 3.67346134e-05] [[ 7.97242943e-10  9.48383298e-04 -1.07531573e-01 -3.75790012e-10][ 9.48383298e-04  1.64674222e+04 -1.86586743e+06 -7.74607076e-05][-1.07531573e-01 -1.86586743e+06  2.11415554e+08  8.88149632e-03][-3.75790012e-10 -7.74607076e-05  8.88149632e-03  3.71649662e-10]] [2.59006967e-05 1.18807176e-05 5.62670208e-05 3.00610239e-051.84617657e-05 2.79187286e-05 4.09296488e-05 4.08828887e-051.01608180e-04 4.08515274e-05 2.77338658e-04 2.15606601e-041.65389193e-04 1.01448324e-04 1.19107713e-04 2.53803593e-041.55178046e-04 2.86461294e-04 1.05510583e-04]
0.6407939794794867	kahneman                                      [2.75052844e-04 1.99612350e+03 2.83420985e+01 1.91744464e-05] [[ 2.95913577e-09 -6.28379265e-06 -2.73928447e-08 -1.47956789e-09][-6.28379265e-06  2.99425498e-01  1.30528116e-03  6.47939195e-06][-2.73928447e-08  1.30528116e-03  5.69009293e-06  2.82455178e-08][-1.47956789e-09  6.47939195e-06  2.82455178e-08  1.47956789e-09]] [8.63356558e-06 0.00000000e+00 2.25068083e-05 2.00406826e-054.61544142e-05 0.00000000e+00 4.77512569e-05 1.36276296e-051.38556610e-05 2.72343516e-05 4.62231097e-04 2.87475468e-042.30460351e-04 8.35456786e-05 3.85682119e-04 4.56846467e-044.65534139e-04 2.00068205e-04 7.62020879e-05]
0.5782504027945948	heuristic                                      [4.13278411e-04 1.99922915e+03 5.25278046e-01 8.85498663e-06] [[ 3.73700784e-08  2.88381115e-04 -8.79737882e-05 -7.41978239e-09][ 2.88381115e-04  5.27979031e+00 -6.30954443e-01  7.28904889e-06][-8.79737882e-05 -6.30954443e-01  2.90475619e-01  1.94177348e-05][-7.41978239e-09  7.28904889e-06  1.94177348e-05  3.89232685e-09]] [0.00000000e+00 0.00000000e+00 0.00000000e+00 0.00000000e+001.84617657e-05 2.79187286e-05 6.13944731e-05 1.36276296e-052.30927683e-05 1.81562344e-05 2.86583280e-04 1.21624236e-042.49439439e-04 1.19350969e-05 2.09856447e-04 7.61410779e-042.85854296e-04 3.63760373e-04 3.34116847e-04]
0.5627202984964532	thaler                                      [1.14278396e-04 1.99601003e+03 1.39779318e+01 1.86632582e-05] [[ 7.59718572e-10  2.73223464e-03 -3.80739421e+00 -3.74082307e-10][ 2.73223464e-03  8.99634401e+04 -1.25362122e+08 -1.17547955e-03][-3.80739421e+00 -1.25362122e+08  1.74689465e+11  1.63864068e+00][-3.74082307e-10 -1.17547955e-03  1.63864068e+00  3.53738801e-10]] [0.00000000e+00 0.00000000e+00 0.00000000e+00 1.00203413e-056.46161799e-05 6.97968215e-06 7.50376894e-05 4.54254319e-061.84742146e-05 4.99296446e-05 2.31115549e-04 2.04549852e-041.81656983e-04 4.17728393e-05 7.94051421e-05 6.92191617e-051.96014374e-04 1.09128112e-04 9.37871852e-05]
0.4333583899700456	tversky                                      [9.50190108e-05 1.99602894e+03 3.81866075e+01 8.13287901e-06] [[ 7.97484966e-10 -2.95490890e-07 -2.23986192e-10 -3.98742483e-10][-2.95490890e-07  8.35111749e-03  6.33026284e-06  4.41822408e-07][-2.23986192e-10  6.33026284e-06  4.79842700e-09  3.34907511e-10][-3.98742483e-10  4.41822408e-07  3.34907511e-10  3.98742483e-10]] [8.63356558e-06 0.00000000e+00 2.25068083e-05 1.00203413e-059.23088284e-06 0.00000000e+00 1.36432163e-05 4.54254319e-064.61855365e-06 3.17734102e-05 2.77338658e-04 1.21624236e-049.21841405e-05 1.19350969e-05 5.67179586e-05 1.70740599e-041.06174453e-04 6.82050699e-05 2.34467963e-05]
0.47869898820982315	quasi-rational                                      [1.38057377e-05 1.99607788e+03 2.11263620e+01 1.19741221e-06] [[ 1.51241987e-11  5.83147797e-01 -1.58158009e+02 -7.12041071e-12][ 5.83147797e-01  3.58148499e+11 -9.71349665e+13 -2.03045157e-02][-1.58158009e+02 -9.71349665e+13  2.63443844e+16  5.50691419e+00][-7.12041071e-12 -2.03045157e-02  5.50691419e+00  7.08850121e-12]] [0.00000000e+00 0.00000000e+00 0.00000000e+00 0.00000000e+000.00000000e+00 0.00000000e+00 1.36432163e-05 0.00000000e+000.00000000e+00 0.00000000e+00 2.77338658e-05 0.00000000e+002.44016843e-05 2.38701939e-05 2.26871834e-05 9.22922156e-068.16726560e-06 1.36410140e-05 5.86169907e-06]
0.472007438349199	bounded                                      [ 2.04407197e-04  1.99603098e+03  1.25770038e+01 -2.22856246e-06] [[ 3.46492306e-09  5.00537706e-03 -2.03201022e+00 -1.66881467e-09][ 5.00537706e-03  7.30585249e+04 -2.96563471e+07 -1.57254177e-03][-2.03201022e+00 -2.96563471e+07  1.20382857e+10  6.38946178e-01][-1.66881467e-09 -1.57254177e-03  6.38946178e-01  1.59487773e-09]] [0.00000000e+00 0.00000000e+00 1.12534042e-05 0.00000000e+000.00000000e+00 0.00000000e+00 0.00000000e+00 0.00000000e+001.38556610e-05 4.53905860e-06 3.32806390e-04 5.08610443e-041.51832702e-04 4.77403878e-05 5.67179586e-06 9.69068264e-051.55178046e-04 3.22837331e-04 2.28606264e-04]
0.47881445922996535	availability                                      [3.23808375e-04 1.99704783e+03 2.24848406e+00 5.02064558e-05] [[ 8.81436732e-09  5.33662715e-06 -1.62722760e-04 -3.83198932e-09][ 5.33662715e-06  9.13754103e-01 -2.23712957e-01  1.32758333e-05][-1.62722760e-04 -2.23712957e-01  2.22401465e+01  6.88870791e-05][-3.83198932e-09  1.32758333e-05  6.88870791e-05  3.63308825e-09]] [2.59006967e-05 1.30687894e-04 3.37602125e-05 3.00610239e-053.69235314e-05 6.97968215e-05 8.18592975e-05 3.17978023e-054.15669829e-05 3.17734102e-05 2.49604792e-04 2.15606601e-047.45607019e-04 3.58052908e-05 1.92841059e-04 6.13743234e-041.06174453e-04 5.36546550e-04 4.80659324e-04]
0.41938506879872006	irrationality                                      [-1.25630637e-04  1.99195507e+03  1.27635215e+01  1.43053708e-04] [[ 1.75657726e-09  7.30498274e-03  2.07501632e+00 -1.31884853e-09][ 7.30498274e-03  1.79531863e+05  5.09991768e+07 -6.51060608e-03][ 2.07501632e+00  5.09991768e+07  1.44872146e+10 -1.84916040e+00][-1.31884853e-09 -6.51060608e-03 -1.84916040e+00  1.29002089e-09]] [1.72671312e-05 1.18807176e-05 3.15095316e-04 1.60325461e-042.30772071e-04 6.97968215e-06 4.77512569e-05 7.26806910e-052.77113219e-05 9.07811720e-06 2.77338658e-05 2.76418719e-051.62677895e-05 0.00000000e+00 1.13435917e-05 4.61461078e-068.16726560e-06 9.09400932e-06 0.00000000e+00]
# Irrationality -> concept trop large, reste explique

# Eco (theoricien politique -> parle de + en + d'eco)
0.6257286563340716	economics                                      [4.29239006e-04 1.99684450e+03 1.02111701e+01 1.03788723e-04] [[ 7.99374415e-09 -7.71683601e-04 -5.09854692e-02 -3.76208306e-09][-7.71683601e-04  1.45511260e+03  9.55480751e+04  7.38097323e-04][-5.09854692e-02  9.55480751e+04  6.27445477e+06  4.84081277e-02][-3.76208306e-09  7.38097323e-04  4.84081277e-02  3.74256949e-09]] [3.45342623e-05 2.37614352e-05 6.75204249e-05 1.20244096e-041.84617657e-04 1.39593643e-05 2.31934676e-04 9.99359501e-051.38556610e-04 1.22554582e-04 4.62231097e-04 1.05591951e-034.55498106e-04 5.13209169e-04 7.25989870e-04 5.35294851e-044.00196014e-04 2.36444242e-04 3.39978546e-04]
0.42965946021995083	cost-benefit                                      [4.55117009e-04 1.99502547e+03 2.74340258e+01 5.20665847e-05] [[ 1.85251712e-08 -1.49481904e-06 -1.38780316e-09 -1.02917618e-08][-1.49481904e-06  1.14544706e-02  1.06344313e-05  2.48228585e-06][-1.38780316e-09  1.06344313e-05  9.87309967e-09  2.30457604e-09][-1.02917618e-08  2.48228585e-06  2.30457604e-09  1.02917618e-08]] [7.77020902e-05 0.00000000e+00 1.12534042e-04 8.01627303e-053.69235314e-05 6.97968215e-06 2.04648244e-05 8.17657774e-052.03216361e-04 1.25278017e-03 7.39569755e-05 5.52837438e-055.12435369e-04 8.65294528e-04 6.63600116e-04 6.55274731e-043.83861483e-04 3.45572354e-04 2.63776458e-04]
0.41202339317801573	utility                                      [8.51369366e-05 1.99220835e+03 1.25050087e+01 1.75338684e-05] [[ 7.85095285e-10  9.06646363e-04 -5.48464617e-02 -5.54082609e-10][ 9.06646363e-04  4.56158353e+04 -2.73725341e+06 -6.67315349e-06][-5.48464617e-02 -2.73725341e+06  1.64255922e+08  8.54323557e-04][-5.54082609e-10 -6.67315349e-06  8.54323557e-04  5.53830744e-10]] [4.31678279e-05 0.00000000e+00 1.12534042e-05 3.00610239e-051.84617657e-05 6.97968215e-06 1.43253771e-04 9.53934070e-051.20082395e-04 2.26952930e-05 2.21870927e-04 1.87964729e-041.13874527e-04 1.07415872e-04 7.94051421e-05 2.30730539e-058.16726560e-05 8.63930886e-05 5.27552916e-05]

# Republicanism
0.4956245796747718	citizenship                                      [-1.25774115e-04  1.99448484e+03  8.91773288e-01  1.38865250e-04] [[ 1.74253320e-09  1.13166396e-05  2.84969525e-05 -1.08361798e-09][ 1.13166396e-05  2.55106730e+00  1.81950052e-01 -2.34246463e-05][ 2.84969525e-05  1.81950052e-01  1.25142352e+00 -1.76624936e-05][-1.08361798e-09 -2.34246463e-05 -1.76624936e-05  9.80455015e-10]] [1.72671312e-05 2.73256505e-04 3.37602125e-05 2.00406826e-042.03079423e-04 1.04695232e-04 8.18592975e-05 8.17657774e-058.77525194e-05 4.99296446e-05 0.00000000e+00 5.52837438e-061.89790878e-05 1.19350969e-05 3.40307752e-05 0.00000000e+001.63345312e-05 9.09400932e-06 2.34467963e-05]
0.4921156012044091	pocock                                      [-1.81440565e-04  1.98853925e+03  3.35029033e+01  1.82526604e-04] [[ 4.30659546e-09  2.12829803e+01  1.56609344e+03 -4.05326886e-09][ 2.12829803e+01  2.26793056e+11  1.64070508e+13 -2.13973859e+01][ 1.56609344e+03  1.64070508e+13  1.20269425e+15 -1.55908096e+03][-4.05326886e-09 -2.13973859e+01 -1.55908096e+03  4.05327152e-09]] [8.63356558e-06 3.56421528e-04 0.00000000e+00 0.00000000e+001.84617657e-05 0.00000000e+00 0.00000000e+00 0.00000000e+000.00000000e+00 0.00000000e+00 0.00000000e+00 0.00000000e+000.00000000e+00 0.00000000e+00 0.00000000e+00 0.00000000e+000.00000000e+00 0.00000000e+00 0.00000000e+00]
0.4518763271895988	republican                                      [-1.47504908e-03  1.98854244e+03  3.59171382e+01  1.60758157e-03] [[ 3.34530696e-07  7.78584852e+02  6.07627316e+04 -3.14852413e-07][ 7.78584852e+02  3.88486924e+12  3.00266624e+14 -7.81364046e+02][ 6.07627316e+04  3.00266624e+14  2.33424752e+16 -6.05833388e+04][-3.14852413e-07 -7.81364046e+02 -6.05833388e+04  3.14852403e-07]] [2.33106271e-04 2.98206012e-03 6.75204249e-05 3.10630580e-041.38463243e-04 1.60532689e-04 2.04648244e-05 3.17978023e-058.77525194e-05 4.53905860e-05 0.00000000e+00 1.10567488e-053.52468773e-05 7.75781301e-05 0.00000000e+00 5.99899401e-051.02907547e-03 9.54870979e-05 8.20637870e-05]
0.4208110711854425	republicanism                                      [-2.90288191e-04  1.99121840e+03  1.34525170e+01  2.99029880e-04] [[ 9.13748955e-09 -4.44544310e-03  2.75929736e-01 -6.98669665e-09][-4.44544310e-03  1.27811373e+05 -7.87121996e+06  1.55307755e-05][ 2.75929736e-01 -7.87121996e+06  4.84750138e+08 -3.14659294e-03][-6.98669665e-09  1.55307755e-05 -3.14659294e-03  6.98518167e-09]] [5.18013935e-05 8.19769514e-04 2.25068083e-05 3.00610239e-042.86157368e-04 6.97968215e-06 0.00000000e+00 9.08508638e-061.06226734e-04 0.00000000e+00 0.00000000e+00 0.00000000e+000.00000000e+00 0.00000000e+00 0.00000000e+00 0.00000000e+000.00000000e+00 0.00000000e+00 0.00000000e+00]
0.4247135207278394	aristotle                                      [-2.96638528e-05  1.99198370e+03  1.10043827e+01  3.32236903e-05] [[ 9.50261600e-11  1.47560635e-04  9.94953608e-02 -6.96134567e-11][ 1.47560635e-04  1.45810543e+03  9.84293878e+05 -1.16496125e-04][ 9.94953608e-02  9.84293878e+05  6.64468863e+08 -7.84234823e-02][-6.96134567e-11 -1.16496125e-04 -7.84234823e-02  6.71266204e-11]] [0.00000000e+00 7.12843056e-05 0.00000000e+00 5.01017065e-054.61544142e-05 1.39593643e-05 1.36432163e-05 4.54254319e-069.23710731e-06 4.53905860e-06 0.00000000e+00 0.00000000e+005.42259650e-06 5.96754847e-06 0.00000000e+00 4.61461078e-060.00000000e+00 0.00000000e+00 0.00000000e+00]

# A voir
0.776591984493477	posner                                      [6.48564399e-04 2.00069880e+03 3.08190702e+00 1.45537059e-04] [[ 9.37864088e-09  5.62132535e-06 -8.56219209e-05 -2.15108384e-09][ 5.62132535e-06  1.68907225e-01  3.36196151e-01  4.13699837e-06][-8.56219209e-05  3.36196151e-01  9.00492339e+00  2.95460883e-05][-2.15108384e-09  4.13699837e-06  2.95460883e-05  2.06115816e-09]] [5.18013935e-05 5.94035880e-05 1.80054466e-04 7.01423890e-054.61544142e-05 9.07358679e-05 1.50075379e-04 9.08508638e-058.31339658e-05 1.31632699e-04 1.66403195e-04 5.97064433e-041.59966597e-04 2.38701939e-04 5.84194974e-04 9.22922156e-041.03724273e-03 6.36580652e-04 5.86169907e-04]
0.7274457527856442	psychology                                      [1.23187907e-04 1.99602481e+03 2.11086132e+01 9.08122001e-06] [[ 4.17237661e-10  1.70562337e+00 -1.45094263e+03 -1.98685372e-10][ 1.70562337e+00  7.89775298e+10 -6.71847382e+13 -3.92850681e-01][-1.45094263e+03 -6.71847382e+13  5.71528264e+16  3.34191047e+02][-1.98685372e-10 -3.92850681e-01  3.34191047e+02  1.92155365e-10]] [0.00000000e+00 0.00000000e+00 1.12534042e-05 0.00000000e+003.69235314e-05 0.00000000e+00 2.04648244e-05 9.08508638e-061.84742146e-05 3.17734102e-05 2.49604792e-04 1.16095862e-041.24719720e-04 5.96754847e-05 1.13435917e-04 1.52282156e-041.22508984e-04 1.72786177e-04 8.79254861e-05]
0.6487644272256994	experiment                                      [8.12426841e-05 1.99625135e+03 3.88225068e+00 1.51443840e-05] [[ 2.59849581e-10  1.63565229e-06 -4.00410556e-05 -1.22847091e-10][ 1.63565229e-06  4.86665244e-01 -3.98144409e+00  9.22088974e-07][-4.00410556e-05 -3.98144409e+00  7.66713477e+01  9.38055218e-06][-1.22847091e-10  9.22088974e-07  9.38055218e-06  1.20735750e-10]] [0.00000000e+00 0.00000000e+00 0.00000000e+00 0.00000000e+003.69235314e-05 1.39593643e-05 4.09296488e-05 1.36276296e-053.23298756e-05 3.63124688e-05 9.24462194e-05 1.43737734e-047.04937545e-05 7.16105817e-05 9.07487338e-05 1.01521437e-041.79679843e-04 5.45640559e-05 5.86169907e-05]
0.5564229235891438	experiments                                      [9.14219524e-05 1.99589025e+03 9.37237346e-01 1.12932750e-05] [[ 6.68249373e-10 -4.04307399e-07 -1.58919893e-05 -3.39907586e-10][-4.04307399e-07  1.88949966e+00  9.52531916e-03  9.29375239e-06][-1.58919893e-05  9.52531916e-03  1.12752696e+00  8.08209413e-06][-3.39907586e-10  9.29375239e-06  8.08209413e-06  3.02713969e-10]] [0.00000000e+00 1.18807176e-05 0.00000000e+00 0.00000000e+002.76926485e-05 0.00000000e+00 5.45728650e-05 2.72552591e-054.15669829e-05 3.17734102e-05 1.01690841e-04 7.73972413e-059.76067370e-05 1.55156260e-04 9.07487338e-05 2.07657485e-046.53381248e-05 5.00170513e-05 5.27552916e-05]
0.5006844765854283	cognition                                      [8.61609795e-05 2.00002206e+03 3.68301242e+01 1.52901706e-05] [[ 4.93674449e-10  2.16470225e-08  1.29661466e-11 -1.37131791e-10][ 2.16470225e-08  4.12526117e-03  2.47095142e-06  1.40610394e-07][ 1.29661466e-11  2.47095142e-06  1.48005197e-09  8.42228986e-11][-1.37131791e-10  1.40610394e-07  8.42228986e-11  1.37131791e-10]] [0.00000000e+00 0.00000000e+00 4.50136166e-05 0.00000000e+000.00000000e+00 0.00000000e+00 2.72864325e-05 0.00000000e+001.38556610e-05 2.26952930e-05 4.62231097e-05 1.65851231e-052.71129825e-05 4.17728393e-05 1.87169263e-04 1.79969820e-046.53381248e-05 4.54700466e-05 2.93084954e-05]
0.49190432790678307	distributional                                      [7.46766611e-05 1.99451877e+03 6.57612950e+00 6.75380246e-06] [[ 4.26003497e-10 -3.22622759e-06 -1.57872567e-04 -2.50602512e-10][-3.22622759e-06  3.43675788e+00  9.39157753e+00  7.97631043e-06][-1.57872567e-04  9.39157753e+00  5.95926625e+02  1.02002952e-04][-2.50602512e-10  7.97631043e-06  1.02002952e-04  2.50530509e-10]] [1.72671312e-05 0.00000000e+00 0.00000000e+00 3.00610239e-050.00000000e+00 0.00000000e+00 0.00000000e+00 9.08508638e-067.85154121e-05 4.53905860e-05 1.57158573e-04 1.10567488e-053.79581755e-05 8.95132271e-05 6.80615503e-05 4.15314970e-057.35053904e-05 1.72786177e-04 1.17233981e-04]
0.4446632692336534	constitutionalism                                      [-1.66704210e-04  1.99394867e+03  9.80840304e-01  1.92646255e-04] [[ 3.63066741e-09  2.09907874e-05  4.93300371e-05 -2.38887567e-09][ 2.09907874e-05  2.75619058e+00  2.81916038e-01 -3.69140907e-05][ 4.93300371e-05  2.81916038e-01  1.95308971e+00 -3.23673413e-05][-2.38887567e-09 -3.69140907e-05 -3.23673413e-05  2.20181788e-09]] [3.02174795e-04 1.66330046e-04 4.50136166e-05 1.00203413e-044.15389728e-04 9.07358679e-05 1.63718595e-04 3.63403455e-051.70886485e-04 9.07811720e-06 9.24462194e-06 1.65851231e-051.08451930e-05 4.77403878e-05 2.83589793e-05 4.61461078e-052.45017968e-05 4.54700466e-06 4.68935926e-05]
0.4192980339616551	libertarian                                      [1.87146363e-04 2.00208701e+03 1.42209477e+01 3.64181887e-06] [[ 4.61908861e-09  5.79756916e-02 -9.47446577e+00 -5.62511784e-10][ 5.79756916e-02  2.43346833e+06 -3.97683462e+08 -9.58966023e-04][-9.47446577e+00 -3.97683462e+08  6.49904239e+10  1.56863979e-01][-5.62511784e-10 -9.58966023e-04  1.56863979e-01  5.40023812e-10]] [8.63356558e-06 1.18807176e-05 0.00000000e+00 1.00203413e-050.00000000e+00 0.00000000e+00 0.00000000e+00 4.54254319e-069.23710731e-06 0.00000000e+00 0.00000000e+00 0.00000000e+001.35564913e-05 1.79026454e-05 0.00000000e+00 1.84584431e-054.73701405e-04 2.27350233e-05 8.20637870e-05]
0.40443524297760036	liberalism                                      [-1.24325836e-04  1.99655674e+03  1.99513938e+00  1.26039352e-04] [[ 1.74884824e-09 -1.24598739e-06  6.15049633e-05 -8.14852744e-10][-1.24598739e-06  1.52202784e+00  2.94752259e-02 -9.35410111e-06][ 6.15049633e-05  2.94752259e-02  1.64354101e+01 -2.90899421e-05][-8.14852744e-10 -9.35410111e-06 -2.90899421e-05  7.82664131e-10]] [3.45342623e-05 3.68302245e-04 4.50136166e-05 6.01220478e-052.21541188e-04 4.88577750e-05 1.15967338e-04 8.63083206e-051.57030824e-04 8.17030548e-05 4.62231097e-05 0.00000000e+005.42259650e-06 5.96754847e-06 0.00000000e+00 0.00000000e+000.00000000e+00 0.00000000e+00 5.86169907e-06]
