changing [-4.69119952e-05  1.99696372e+03  1.03843651e+01  7.39671535e-05] [[ 1.22694724e-10  1.18586705e-04  3.39822087e-02 -5.66424251e-11] [ 1.18586705e-04  1.23562958e+03  3.53651661e+05 -7.49115310e-05] [ 3.39822087e-02  3.53651661e+05  1.01222357e+08 -2.13921962e-02] [-5.66424251e-11 -7.49115310e-05 -2.13921962e-02  5.39821647e-11]] [6.91228313e-05 6.42818115e-05 6.26108734e-05 4.85171933e-05 9.09531894e-05 7.12134777e-05 5.51389502e-05 5.02327451e-05 1.23510607e-04 1.12255944e-04 2.60990983e-05 3.98638252e-05 3.94196001e-05 2.98377424e-05 2.26221312e-05 2.76852373e-05 4.28012566e-05 1.43718771e-05 1.17233981e-05]
conceptions [-4.14106390e-04  1.99057764e+03  4.25110568e-01  4.21322919e-04] [[ 1.57625087e-07  1.85386923e-03  1.86428941e-04 -1.45753102e-07] [ 1.85386923e-03  2.45543075e+01  2.12068600e+00 -1.76867903e-03] [ 1.86428941e-04  2.12068600e+00  2.64749150e-01 -1.68868617e-04] [-1.45753102e-07 -1.76867903e-03 -1.68868617e-04  1.36638365e-07]] [1.65894795e-04 6.74959020e-04 1.66962329e-04 1.33422282e-04 1.81906379e-04 2.23813787e-04 7.87699288e-05 1.17209738e-04 7.99186283e-05 5.61279718e-05 0.00000000e+00 1.59455301e-05 2.15016001e-05 2.38701939e-05 5.65553281e-06 1.84568249e-05 1.71205027e-05 0.00000000e+00 0.00000000e+00]
constitutional [-1.12966862e-03  1.99630942e+03  2.05601918e+00  1.79896799e-03] [[ 3.45509859e-08 -3.54565518e-06  1.42825999e-04 -1.65151997e-08] [-3.54565518e-06  3.50740774e-01 -7.51349798e-02 -1.91117385e-05] [ 1.42825999e-04 -7.51349798e-02  4.51298140e+00 -6.50534820e-05] [-1.65151997e-08 -1.91117385e-05 -6.50534820e-05  1.58606118e-08]] [0.00286169 0.0012535  0.00181572 0.00164958 0.00176853 0.0019838 0.00170931 0.0012307  0.00183813 0.00141122 0.00087432 0.00071755 0.00055904 0.00051321 0.00058252 0.00067829 0.00084746 0.00082399 0.00067996]
system [-7.33495128e-04  1.99588360e+03  1.34205540e+01  1.39259405e-03] [[ 4.20255440e-08  3.85141049e-02  4.44225042e+00 -2.22377186e-08] [ 3.85141049e-02  5.54719835e+05  6.39667264e+07 -3.69023672e-02] [ 4.44225042e+00  6.39667264e+07  7.37623307e+09 -4.25506571e+00] [-2.22377186e-08 -3.69023672e-02 -4.25506571e+00  2.21298128e-08]] [0.00214281 0.00083566 0.00073046 0.00116441 0.00201108 0.00115976 0.00098462 0.00200094 0.00152572 0.0006575  0.00107006 0.00063782 0.00052679 0.00071611 0.00074653 0.00079826 0.00047081 0.00050302 0.00056858]
necessary [-3.17527620e-04  1.99408998e+03  9.28478505e-01  5.96437623e-04] [[ 3.58102082e-09  1.09396013e-05  2.41362532e-05 -2.32994659e-09] [ 1.09396013e-05  7.82039685e-01  7.26328744e-02 -1.96179893e-05] [ 2.41362532e-05  7.26328744e-02  4.47589088e-01 -1.56495254e-05] [-2.32994659e-09 -1.96179893e-05 -1.56495254e-05  2.13069798e-09]] [0.00047004 0.00051425 0.00068872 0.00072776 0.00065688 0.00048832 0.00039385 0.00052744 0.00043592 0.00027262 0.00024794 0.0002631 0.00023652 0.00028644 0.00026015 0.00031377 0.00026537 0.00024432 0.00041618]
regulatory [-7.66824709e-04  1.99693224e+03  1.24759574e+01  1.30187266e-03] [[ 8.01259960e-08  3.50070190e-02  6.44798375e+00 -3.76028355e-08] [ 3.50070190e-02  2.26706384e+05  4.17459925e+07 -2.84597073e-02] [ 6.44798375e+00  4.17459925e+07  7.68716143e+09 -5.23969384e+00] [-3.76028355e-08 -2.84597073e-02 -5.23969384e+00  3.67793343e-08]] [0.00200456 0.00136599 0.00202442 0.00236521 0.00142493 0.0006104 0.00026782 0.00049396 0.00095176 0.00155555 0.00061333 0.00012756 0.00048379 0.00062659 0.00046941 0.00096437 0.0005821  0.00069943 0.00043377]
constitutionally [-2.63926169e-04  1.99250004e+03  5.03330962e-01  3.38202562e-04] [[ 2.04783571e-08  2.72360765e-04  6.85451117e-05 -1.68532999e-08] [ 2.72360765e-04  7.13867053e+00  8.48929660e-01 -2.71277726e-04] [ 6.85451117e-05  8.48929660e-01  3.09938786e-01 -5.48020773e-05] [-1.68532999e-08 -2.71277726e-04 -5.48020773e-05  1.49620373e-08]] [3.73263289e-04 1.76774982e-04 3.75665241e-04 4.12396143e-04 6.06354596e-05 2.95027265e-04 1.41785872e-04 2.51163725e-04 4.35919791e-05 2.24511887e-04 7.82972948e-05 4.78365902e-05 5.73376002e-05 3.58052908e-05 4.52442625e-05 6.45988871e-05 9.41627646e-05 1.29346894e-04 1.11372282e-04]
government [-1.13021578e-03  1.99509379e+03  8.50427246e-01  2.21815251e-03] [[ 1.34168852e-07  6.22846023e-05  2.33076357e-04 -7.71037140e-08] [ 6.22846023e-05  2.57196079e+00  1.06073814e-01 -1.86948120e-04] [ 2.33076357e-04  1.06073814e-01  1.05385109e+00 -1.33600580e-04] [-7.71037140e-08 -1.86948120e-04 -1.33600580e-04  6.85429245e-08]] [0.00284786 0.00107672 0.00160701 0.00274122 0.00263764 0.0026349 0.00197713 0.00150698 0.00132229 0.00226116 0.00118751 0.00083714 0.00077047 0.00145011 0.00090489 0.00079364 0.00127548 0.00127431 0.00127785]
current [-3.75915420e-04  1.99489406e+03  1.79542839e+00  6.89811278e-04] [[ 1.28221747e-08  8.63056274e-06  1.46520243e-04 -7.32715837e-09] [ 8.63056274e-06  1.26439331e+00  1.43590966e-01 -2.98471039e-05] [ 1.46520243e-04  1.43590966e-01  1.03767095e+01 -8.45485717e-05] [-7.32715837e-09 -2.98471039e-05 -8.45485717e-05  7.00926447e-09]] [0.00051151 0.00044997 0.0005635  0.00044878 0.00089943 0.00132254 0.00063016 0.00062791 0.00043592 0.00046506 0.00026099 0.00028702 0.00024727 0.00037596 0.00023753 0.00023532 0.00035097 0.0003593 0.00041032]
reform [-1.23844579e-04  1.99762523e+03  3.42743922e+00  1.97480312e-04] [[ 3.08555849e-09 -4.87542344e-07  1.66685367e-04 -1.26492146e-09] [-4.87542344e-07  2.26145235e+00  5.22557230e+00 -1.33986292e-05] [ 1.66685367e-04  5.22557230e+00  1.25644725e+02 -9.22496426e-05] [-1.26492146e-09 -1.33986292e-05 -9.22496426e-05  1.24837071e-09]] [2.62666759e-04 1.28563623e-04 4.17405823e-05 9.70343866e-05 4.74977767e-04 1.83120371e-04 7.08929359e-05 1.75814608e-04 1.59837257e-04 3.92895802e-04 1.69644139e-04 1.03645945e-04 8.60064003e-05 8.35456786e-05 5.08997953e-05 1.38426187e-04 2.56807540e-05 7.18593856e-05 5.86169907e-05]
goals [-1.62616945e-04  1.99599302e+03  1.33606376e+01  3.12245833e-04] [[ 2.73995185e-09  2.76152265e-03  5.28266579e+00 -1.38405677e-09] [ 2.76152265e-03  2.52449537e+04  4.82905262e+07 -1.51060264e-03] [ 5.28266579e+00  4.82905262e+07  9.23740478e+10 -2.88755289e+00] [-1.38405677e-09 -1.51060264e-03 -2.88755289e+00  1.30918753e-09]] [3.04140458e-04 1.12493170e-04 3.96535532e-04 2.54715265e-04 5.15401407e-04 2.13640433e-04 2.59940765e-04 2.76280098e-04 5.01307759e-04 1.76402197e-04 2.08792786e-04 1.51482536e-04 1.61262001e-04 1.73058906e-04 1.69665984e-04 1.79954043e-04 6.84820106e-05 6.70687599e-05 1.93436069e-04]
process [-1.53354723e-03  1.98969644e+03  3.96346797e-01  1.95498696e-03] [[ 3.33592868e-06  1.12915269e-02  7.91048032e-04 -3.16743046e-06] [ 1.12915269e-02  4.01674973e+01  2.63366691e+00 -1.08552182e-02] [ 7.91048032e-04  2.63366691e+00  2.19296783e-01 -7.39969433e-04] [-3.16743046e-06 -1.08552182e-02 -7.39969433e-04  3.02488393e-06]] [0.00111979 0.00233022 0.00102264 0.00084905 0.00089943 0.0012208 0.0005829  0.00037675 0.00075559 0.00088201 0.00061333 0.0003508 0.00033327 0.00029241 0.00032237 0.00058139 0.00053074 0.00058925 0.00020516]
entitled [-8.11792949e-05  1.99469658e+03  2.11071912e+00  1.35163154e-04] [[ 1.41791747e-09  5.25215422e-06  8.43421701e-05 -8.27986607e-10] [ 5.25215422e-06  2.66659446e+00  8.87609345e-01 -1.43602833e-05] [ 8.43421701e-05  8.87609345e-01  3.80028989e+01 -5.14340890e-05] [-8.27986607e-10 -1.43602833e-05 -5.14340890e-05  8.02014589e-10]] [1.10596530e-04 8.03522643e-05 2.08702911e-05 1.69810176e-04 7.07413696e-05 3.45894034e-04 1.65416850e-04 9.20933659e-05 9.44492880e-05 6.41462535e-05 0.00000000e+00 5.58093552e-05 6.09212002e-05 1.01448324e-04 1.69665984e-05 2.76852373e-05 5.99217593e-05 7.18593856e-05 8.20637870e-05]
minority [-4.38772053e-05  1.99695389e+03  1.36294856e+01  7.65299355e-05] [[ 4.73810378e-10  9.26312271e-03  2.73823341e+00 -2.21362224e-10] [ 9.26312271e-03  2.33361886e+06  6.89781569e+08 -6.83324895e-03] [ 2.73823341e+00  6.89781569e+08  2.03888751e+11 -2.01965538e+00] [-2.21362224e-10 -6.83324895e-03 -2.01965538e+00  2.14244336e-10]] [4.14736988e-05 8.03522643e-05 2.08702911e-05 9.70343866e-05 1.41482739e-04 6.10401237e-05 7.87699288e-05 5.02327451e-05 2.17959895e-05 1.84420479e-04 1.30495491e-05 0.00000000e+00 3.94196001e-05 2.98377424e-05 1.13110656e-05 5.07562684e-05 6.84820106e-05 4.31156313e-05 4.10318935e-05]
harv [-2.02124161e-04  1.99041623e+03  3.64305638e+00  2.76155948e-04] [[ 7.85340655e-10  2.41467335e-06  2.38150594e-05 -6.49038090e-10] [ 2.41467335e-06  1.40835706e-01 -1.84830936e-01 -3.27232429e-06] [ 2.38150594e-05 -1.84830936e-01  7.74468152e+00 -1.78480423e-05] [-6.49038090e-10 -3.27232429e-06 -1.78480423e-05  6.46103191e-10]] [2.21193060e-04 3.53549963e-04 2.50443494e-04 2.42585966e-04 9.09531894e-05 1.22080247e-04 1.41785872e-04 6.69769934e-05 1.16245278e-04 8.82010985e-05 9.13468440e-05 3.18910601e-05 5.01704002e-05 2.98377424e-05 3.95887297e-05 6.45988871e-05 2.56807540e-05 6.70687599e-05 1.05510583e-04]
l. [-6.33484734e-04  1.99037016e+03  4.26912985e-01  9.87685098e-04] [[ 3.16146545e-07  2.43817231e-03  2.35655493e-04 -2.94660873e-07] [ 2.43817231e-03  2.07997095e+01  1.76537009e+00 -2.33235291e-03] [ 2.35655493e-04  1.76537009e+00  2.10393566e-01 -2.15457567e-04] [-2.94660873e-07 -2.33235291e-03 -2.15457567e-04  2.77825228e-07]] [0.0006774  0.00101244 0.00091829 0.00066711 0.00045477 0.00055953 0.00035446 0.00046884 0.00077012 0.00046506 0.00040454 0.00025513 0.00033327 0.00032822 0.00018663 0.00045681 0.00030817 0.00038325 0.00043377]
rev [-7.27630123e-04  1.99092813e+03  4.20685516e-01  1.16851339e-03] [[ 2.80494894e-07  1.86230799e-03  1.98978032e-04 -2.55478213e-07] [ 1.86230799e-03  1.44276808e+01  1.26816297e+00 -1.76882562e-03] [ 1.98978032e-04  1.26816297e+00  1.69981180e-01 -1.77116537e-04] [-2.55478213e-07 -1.76882562e-03 -1.77116537e-04  2.36935056e-07]] [0.00091242 0.001141   0.0009809  0.00112802 0.00040424 0.00068161 0.00074831 0.00051907 0.00082825 0.00053722 0.00053503 0.00028702 0.00044795 0.00041773 0.00031671 0.00041528 0.00047937 0.00054134 0.00052169]
1987 [-4.64360866e-04  1.98956927e+03  4.02037520e+00  5.66963894e-04] [[ 2.99727413e-09  7.01750744e-06  6.34274778e-05 -2.64960661e-09] [ 7.01750744e-06  9.21976407e-02  3.17973943e-01 -7.77664070e-06] [ 6.34274778e-05  3.17973943e-01  6.14683035e+00 -5.85967371e-05] [-2.64960661e-09 -7.77664070e-06 -5.85967371e-05  2.64218362e-09]] [4.28561554e-04 7.07099926e-04 5.21757279e-04 1.69810176e-04 1.92012289e-04 1.83120371e-04 1.10277900e-04 1.59070359e-04 1.67102586e-04 1.04237662e-04 5.21981966e-05 7.97276503e-05 1.07508000e-04 6.56430332e-05 4.52442625e-05 7.38272995e-05 2.56807540e-05 7.18593856e-05 1.05510583e-04]
w. [1.48004498e-04 2.00088999e+03 1.35596708e+01 7.64129651e-05] [[ 7.33779578e-10 -1.92309282e-03 -2.37245012e-01 -1.73691524e-10] [-1.92309282e-03  2.18516588e+05  2.69377760e+07  1.63472281e-03] [-2.37245012e-01  2.69377760e+07  3.32077248e+09  2.01509568e-01] [-1.73691524e-10  1.63472281e-03  2.01509568e-01  1.71524061e-10]] [1.24421096e-04 4.82113586e-05 4.17405823e-05 7.27757899e-05 9.09531894e-05 5.08667698e-05 8.66469217e-05 4.18606209e-05 8.71839582e-05 7.21645351e-05 1.82693688e-04 3.18910601e-05 8.24228003e-05 5.37079362e-05 2.09254714e-04 2.63009754e-04 1.62644775e-04 2.92228168e-04 1.69989273e-04]
central [ 2.38119096e-04  1.98997619e+03 -1.10756623e+00  2.10318852e-04] [[ 1.79414811e-08 -1.64770121e-04  1.62851344e-04 -1.43946357e-09] [-1.64770121e-04  2.86089387e+00 -1.46598041e+00 -3.36465366e-06] [ 1.62851344e-04 -1.46598041e+00  2.64093423e+00 -1.45991857e-05] [-1.43946357e-09 -3.36465366e-06 -1.45991857e-05  8.58743697e-10]] [3.31789590e-04 5.78536303e-04 3.96535532e-04 1.69810176e-04 4.34554127e-04 2.44160495e-04 1.49662865e-04 8.37212418e-05 1.08979948e-04 2.64603296e-04 2.34891884e-04 2.63101246e-04 1.61262001e-04 2.32734390e-04 2.03599181e-04 2.07639280e-04 1.88325529e-04 2.10787531e-04 3.63425342e-04]
feature [-3.50794335e-05  2.00111580e+03  3.92220734e+00  6.47025328e-05] [[ 3.38166796e-10 -9.28117042e-06  2.42851893e-04 -6.55108882e-11] [-9.28117042e-06  1.55495493e+00 -2.48422546e+01 -3.48274521e-07] [ 2.42851893e-04 -2.48422546e+01  8.38204267e+02 -2.80885628e-05] [-6.55108882e-11 -3.48274521e-07 -2.80885628e-05  5.91536201e-11]] [6.91228313e-05 8.03522643e-05 0.00000000e+00 3.63878950e-05 7.07413696e-05 9.15601856e-05 9.45239146e-05 7.53491176e-05 5.81226388e-05 8.01828168e-05 2.60990983e-05 1.03645945e-04 5.37540002e-05 6.56430332e-05 5.08997953e-05 3.22994435e-05 0.00000000e+00 2.87437542e-05 5.86169907e-05]
framers [-1.76657059e-04  1.99595194e+03  1.15843422e+01  2.16474586e-04] [[ 6.18949360e-09  5.48663024e-03  1.32298551e+00 -3.23641595e-09] [ 5.48663024e-03  5.37452190e+04  1.29556958e+07 -4.13355151e-03] [ 1.32298551e+00  1.29556958e+07  3.12307645e+09 -9.95904789e-01] [-3.23641595e-09 -4.13355151e-03 -9.95904789e-01  3.13212437e-09]] [6.49754614e-04 3.21409057e-05 2.08702911e-05 1.09163685e-04 8.08472795e-05 1.83120371e-04 1.73293843e-04 4.52094705e-04 2.61551874e-04 6.41462535e-05 0.00000000e+00 1.91346361e-04 5.01704002e-05 1.19350969e-05 0.00000000e+00 3.69136497e-05 4.28012566e-05 9.58125141e-06 4.10318935e-05]
allow [-2.05525050e-04  2.00052511e+03  5.30010564e-01  3.08677102e-04] [[ 1.81094665e-08 -3.42228671e-04  7.33626549e-05 -2.08531859e-09] [-3.42228671e-04  9.44862798e+00 -1.31676946e+00  8.67037709e-06] [ 7.33626549e-05 -1.31676946e+00  3.95167032e-01 -1.00538389e-05] [-2.08531859e-09  8.67037709e-06 -1.00538389e-05  8.35116337e-10]] [0.00022119 0.00040176 0.00016696 0.00024259 0.00032339 0.00033572 0.00035446 0.00041023 0.00034874 0.00032073 0.00028709 0.00014351 0.00023652 0.0002387  0.00022057 0.0001938  0.00011984 0.00013893 0.00011137]
distinctive [-1.08262559e-04  1.99580264e+03  1.31928562e+01  2.13621588e-04] [[ 1.42946895e-09  4.16619360e-03  2.78967364e-01 -7.56747857e-10] [ 4.16619360e-03  2.04836027e+05  1.36949406e+07 -4.14908408e-03] [ 2.78967364e-01  1.36949406e+07  9.15620780e+08 -2.77366806e-01] [-7.56747857e-10 -4.14908408e-03 -2.77366806e-01  7.56288417e-10]] [5.52982650e-05 2.89268152e-04 2.50443494e-04 2.18327370e-04 1.01059099e-04 1.72947017e-04 3.46587687e-04 2.51163725e-04 2.39755885e-04 8.01828168e-05 1.56594590e-04 1.43509771e-04 1.46927601e-04 8.95132271e-05 4.52442625e-05 5.99846808e-05 4.28012566e-05 1.00603140e-04 1.93436069e-04]
primary [4.86401452e-05 1.99804427e+03 2.48272016e+01 1.97348777e-05] [[ 1.90878940e-10 -1.17197855e-07 -2.09004544e-10 -7.42306991e-11] [-1.17197855e-07  1.68967904e-02  3.01328549e-05  2.46001270e-07] [-2.09004544e-10  3.01328549e-05  5.37373622e-08  4.38705838e-10] [-7.42306991e-11  2.46001270e-07  4.38705838e-10  7.42306991e-11]] [8.29473975e-05 3.21409057e-05 0.00000000e+00 3.63878950e-05 3.03177298e-05 1.01733540e-05 0.00000000e+00 2.51163725e-05 0.00000000e+00 0.00000000e+00 0.00000000e+00 3.18910601e-05 9.31736003e-05 5.37079362e-05 6.22108609e-05 3.22994435e-05 5.99217593e-05 1.24556268e-04 5.27552916e-05]
power [-6.26133313e-04  1.99500650e+03  2.44521783e+01  1.04382410e-03] [[ 2.93045875e-08 -7.70622513e+00  2.89735646e+04 -1.72379328e-08] [-7.70622513e+00  2.75526235e+10 -1.03591270e+14  7.70503355e+00] [ 2.89735646e+04 -1.03591270e+14  3.89478382e+17 -2.89690901e+04] [-1.72379328e-08  7.70503355e+00 -2.89690901e+04  1.72376000e-08]] [0.00186632 0.00081959 0.00068872 0.00114015 0.00077816 0.00097664 0.00059077 0.00149024 0.00075559 0.00052119 0.00026099 0.000877 0.00031177 0.00017306 0.0002545  0.00041066 0.00021401 0.00045032 0.0007034 ]
person [1.50247649e-04 1.99043694e+03 3.16981009e+00 1.10454757e-04] [[ 2.84648775e-09 -1.31194520e-05 -1.03494937e-04 -2.35931786e-09] [-1.31194520e-05  8.69006979e-01 -2.06133445e-01  1.69518374e-05] [-1.03494937e-04 -2.06133445e-01  3.30428693e+01  8.17680781e-05] [-2.35931786e-09  1.69518374e-05  8.17680781e-05  2.34342328e-09]] [6.91228313e-05 1.76774982e-04 8.34811646e-05 1.45551580e-04 2.32435929e-04 3.05200619e-04 1.57539858e-04 2.93024346e-04 3.19674513e-04 3.76859239e-04 3.00139630e-04 3.02965071e-04 3.26107601e-04 2.20799293e-04 1.18766189e-04 2.03025074e-04 3.16729299e-04 3.01809419e-04 1.11372282e-04]
instead [-2.77899181e-04  1.99637313e+03  1.39181970e+00  5.34613822e-04] [[ 1.82550218e-09 -7.38413085e-07  2.12129919e-05 -8.66117808e-10] [-7.38413085e-07  4.20843824e-01 -9.50468804e-03 -5.80047129e-06] [ 2.12129919e-05 -9.50468804e-03  1.18907170e+00 -1.00518411e-05] [-8.66117808e-10 -5.80047129e-06 -1.00518411e-05  8.07220131e-10]] [0.00042856 0.00065889 0.0005635  0.00048517 0.00059625 0.00059005 0.0003781  0.00056093 0.00051584 0.0003929  0.00039149 0.00025513 0.00021502 0.00019096 0.00026015 0.00024917 0.00029105 0.00023474 0.00036343]
series [6.69739088e-05 1.99806860e+03 2.77884626e+00 5.43648885e-05] [[ 2.87813560e-10  1.49855322e-06 -3.92560171e-05 -1.07627085e-10] [ 1.49855322e-06  5.08334414e-01 -7.34007836e-01  1.23507222e-06] [-3.92560171e-05 -7.34007836e-01  4.12086828e+01  1.32057941e-05] [-1.07627085e-10  1.23507222e-06  1.32057941e-05  1.01198096e-10]] [8.29473975e-05 3.21409057e-05 8.34811646e-05 1.21292983e-05 1.21270919e-04 6.10401237e-05 3.15079715e-05 2.51163725e-05 5.81226388e-05 4.00914084e-05 5.21981966e-05 8.77004154e-05 1.07508000e-04 1.49188712e-04 1.30077255e-04 9.22841244e-05 1.02723016e-04 9.10218884e-05 1.69989273e-04]
likely [5.94669888e-04 1.99695432e+03 8.72349500e-01 3.64245554e-04] [[ 7.80559748e-09  6.98881044e-06 -2.64618097e-05 -3.29638653e-09] [ 6.98881044e-06  5.32602259e-01 -2.32778389e-02  1.35113922e-05] [-2.64618097e-05 -2.32778389e-02  2.40598386e-01  1.12110020e-05] [-3.29638653e-09  1.35113922e-05  1.12110020e-05  2.81642505e-09]] [0.00030414 0.0002732  0.00029218 0.00036388 0.00041434 0.00066127 0.00025994 0.00046884 0.00043592 0.00041695 0.00083517 0.00074944 0.00075256 0.00098465 0.00093316 0.00116739 0.00099299 0.00085273 0.00084408]
divided [-3.78274620e-05  1.99294474e+03  3.38788563e+01  7.21722627e-05] [[ 6.19535489e-10 -8.36837324e-07  1.36451467e-09 -4.13023659e-10] [-8.36837324e-07  1.20389494e-01 -1.96302467e-04 -3.71707921e-07] [ 1.36451467e-09 -1.96302467e-04  3.20083234e-07  6.06092603e-10] [-4.13023659e-10 -3.71707921e-07  6.06092603e-10  4.13023659e-10]] [8.29473975e-05 4.82113586e-05 4.17405823e-05 3.63878950e-05 1.01059099e-05 2.13640433e-04 3.93849644e-05 2.51163725e-05 7.26532985e-06 5.61279718e-05 0.00000000e+00 5.58093552e-05 4.30032002e-05 3.58052908e-05 5.65553281e-06 9.22841244e-06 1.11283267e-04 3.35343799e-05 2.93084954e-05]
fear [1.97885994e-04 2.00001427e+03 1.31661140e+01 7.49258308e-05] [[ 2.30965946e-09  3.41111937e-03 -3.14608956e+00 -6.16526590e-10] [ 3.41111937e-03  3.19880513e+04 -2.95072690e+07 -7.12034658e-04] [-3.14608956e+00 -2.95072690e+07  2.72188952e+10  6.57236668e-01] [-6.16526590e-10 -7.12034658e-04  6.57236668e-01  5.56430348e-10]] [1.24421096e-04 1.28563623e-04 4.17405823e-05 6.06464916e-05 1.31376829e-04 7.12134777e-05 6.30159430e-05 6.69769934e-05 7.99186283e-05 4.00914084e-05 6.52477457e-05 3.98638252e-05 8.24228003e-05 1.25318518e-04 4.01542829e-04 4.38349591e-04 8.56025133e-05 2.92228168e-04 1.64127574e-04]
private [-9.72769863e-04  1.99382622e+03  1.09620038e+00  1.44937302e-03] [[ 2.26809759e-08  2.04168014e-05  5.92297085e-05 -1.49730161e-08] [ 2.04168014e-05  4.67171211e-01  5.30212307e-02 -3.64486484e-05] [ 5.92297085e-05  5.30212307e-02  5.12489997e-01 -3.90432502e-05] [-1.49730161e-08 -3.64486484e-05 -3.90432502e-05  1.39682971e-08]] [0.00135481 0.00151062 0.00114787 0.00132209 0.00185949 0.00155652 0.00083496 0.00100465 0.00061755 0.00088201 0.00041759 0.00019932 0.0004587  0.00074594 0.00029409 0.00046603 0.00065058 0.00040241 0.00045721]
group [7.87889980e-04 1.99812346e+03 1.68776023e+01 2.45357689e-04] [[ 5.35612344e-08  8.63018139e-01 -1.17958280e+02 -1.89191134e-08] [ 8.63018139e-01  1.47807023e+08 -2.02021869e+10 -8.44917573e-03] [-1.17958280e+02 -2.02021869e+10  2.76122440e+12  1.15658145e+00] [-1.89191134e-08 -8.44917573e-03  1.15658145e+00  1.88701974e-08]] [1.24421096e-04 4.82113586e-04 2.92184076e-04 3.88137546e-04 3.23389118e-04 1.83120371e-04 1.41785872e-04 3.43257091e-04 1.59837257e-04 3.28749549e-04 7.82972948e-05 1.67428066e-04 1.39760401e-03 2.21992803e-03 4.86375821e-04 1.54575908e-03 5.05054828e-04 7.32965733e-04 3.63425342e-04]
governmental [-4.43084441e-04  1.99314574e+03  1.04847056e+00  5.39365226e-04] [[ 6.79220691e-09  1.86591841e-05  3.70001911e-05 -4.84523350e-09] [ 1.86591841e-05  6.45481357e-01  1.00538455e-01 -2.71556391e-05] [ 3.70001911e-05  1.00538455e-01  5.90964907e-01 -2.63087951e-05] [-4.84523350e-09 -2.71556391e-05 -2.63087951e-05  4.52931314e-09]] [4.97684385e-04 3.37479510e-04 4.80016696e-04 7.39887198e-04 6.56884146e-04 4.47627574e-04 1.49662865e-04 2.93024346e-04 1.67102586e-04 3.36767831e-04 5.21981966e-05 7.17548853e-05 1.03924400e-04 5.37079362e-05 7.91774593e-05 7.38272995e-05 6.84820106e-05 4.79062570e-05 1.17233981e-04]
processes [-1.43500910e-04  1.99591881e+03  5.06472434e-01  2.34503162e-04] [[ 1.26044958e-08  8.36825077e-06  9.46736341e-05 -6.40866041e-09] [ 8.36825077e-06  1.64917202e+01  5.69654301e-02 -1.26779525e-04] [ 9.46736341e-05  5.69654301e-02  1.04686649e+00 -4.80611852e-05] [-6.40866041e-09 -1.26779525e-04 -4.80611852e-05  4.76615055e-09]] [1.24421096e-04 2.08915887e-04 2.29573203e-04 3.03232458e-04 4.34554127e-04 1.72947017e-04 1.49662865e-04 1.00465490e-04 4.35919791e-05 3.84877521e-04 1.95743237e-04 4.78365902e-05 9.31736003e-05 1.01448324e-04 4.52442625e-05 1.84568249e-04 3.42410053e-05 1.14975017e-04 1.11372282e-04]
wealth [-9.88727870e-05  1.99497892e+03  2.40179894e+01  1.85202618e-04] [[ 1.60132979e-09 -1.96546625e-07  1.72508047e-10 -8.89627659e-10] [-1.96546625e-07  2.42169052e-02 -2.12550637e-05 -6.00350851e-07] [ 1.72508047e-10 -2.12550637e-05  1.86554693e-08  5.26925116e-10] [-8.89627659e-10 -6.00350851e-07  5.26925116e-10  8.89627659e-10]] [4.28561554e-04 1.92845434e-04 8.34811646e-05 8.49050882e-05 1.11165009e-04 2.03467079e-04 1.26031886e-04 2.51163725e-04 1.23510607e-04 9.62193802e-05 1.30495491e-04 6.37821203e-05 4.30032002e-05 1.37253615e-04 6.22108609e-05 3.22994435e-05 7.70422620e-05 1.38928145e-04 8.20637870e-05]
opportunities [-1.32221183e-04  1.99330069e+03  2.00293612e+00  1.65322576e-04] [[ 1.13222717e-09  3.91313707e-06  3.85794002e-05 -7.54533248e-10] [ 3.91313707e-06  7.66455365e-01  2.63130832e-02 -7.84299970e-06] [ 3.85794002e-05  2.63130832e-02  8.96433832e+00 -2.50389855e-05] [-7.54533248e-10 -7.84299970e-06 -2.50389855e-05  7.32078487e-10]] [1.10596530e-04 2.24986340e-04 2.08702911e-05 1.81939475e-04 3.13283208e-04 1.32253601e-04 1.10277900e-04 7.53491176e-05 2.17959895e-05 8.01828168e-06 2.60990983e-05 3.98638252e-05 5.01704002e-05 2.38701939e-05 2.26221312e-05 4.61420622e-06 4.28012566e-05 7.18593856e-05 4.68935926e-05]
played [-8.05926407e-05  1.99293720e+03  1.62121869e+01  1.29536714e-04] [[ 5.15947333e-10  7.15204056e-02  1.84663432e+01 -3.62133567e-10] [ 7.15204056e-02  7.67043432e+07  1.98047864e+10 -6.71661844e-02] [ 1.84663432e+01  1.98047864e+10  5.11352484e+12 -1.73419874e+01] [-3.62133567e-10 -6.71661844e-02 -1.73419874e+01  3.58320449e-10]] [8.29473975e-05 1.76774982e-04 1.04351456e-04 4.85171933e-05 2.12224109e-04 1.62773663e-04 3.15079715e-05 5.02327451e-05 2.17959895e-05 8.01828168e-05 1.30495491e-05 3.18910601e-05 5.01704002e-05 9.54807755e-05 4.52442625e-05 5.07562684e-05 5.13615080e-05 6.70687599e-05 5.86169907e-05]
prominent [-1.38464363e-04  1.99310756e+03  1.14571368e+01  1.86981475e-04] [[ 2.07226485e-10 -1.57039957e-04  1.67601715e-02 -1.33874800e-10] [-1.57039957e-04  3.01739490e+03 -3.21384307e+05  2.25339417e-05] [ 1.67601715e-02 -3.21384307e+05  3.42309400e+07 -2.43957071e-03] [-1.33874800e-10  2.25339417e-05 -2.43957071e-03  1.32855585e-10]] [2.07368494e-04 1.44634076e-04 2.29573203e-04 1.45551580e-04 2.02118199e-04 1.72947017e-04 1.81170836e-04 2.51163725e-05 9.44492880e-05 3.20731267e-05 5.21981966e-05 4.78365902e-05 3.22524001e-05 4.17728393e-05 2.26221312e-05 5.53704746e-05 4.28012566e-05 4.79062570e-05 8.20637870e-05]
desire [-4.23242284e-05  1.99406008e+03  2.35376805e+01  8.35861919e-05] [[ 3.68965008e-10  9.78331599e-07  2.49760770e-09 -2.25478616e-10] [ 9.78331599e-07  7.04369314e-02  1.79820239e-04 -1.15742153e-06] [ 2.49760770e-09  1.79820239e-04  4.59067675e-07 -2.95481096e-09] [-2.25478616e-10 -1.15742153e-06 -2.95481096e-09  2.25478616e-10]] [6.91228313e-05 1.44634076e-04 0.00000000e+00 7.27757899e-05 1.11165009e-04 1.32253601e-04 5.51389502e-05 7.53491176e-05 0.00000000e+00 4.81096901e-05 3.91486474e-05 3.18910601e-05 7.16720003e-05 8.95132271e-05 2.82776640e-05 2.76852373e-05 8.56025133e-05 1.43718771e-05 1.75850972e-05]
unlikely [ 2.67285149e-04  1.99658029e+03  1.04024036e-01 -1.91096459e-05] [[ 2.55782176e-06  1.10038178e-02 -1.08827419e-03 -1.20575865e-06] [ 1.10038178e-02  4.54667917e+02 -4.56629102e+00 -2.56367774e-03] [-1.08827419e-03 -4.56629102e+00  4.63843194e-01  5.13780966e-04] [-1.20575865e-06 -2.56367774e-03  5.13780966e-04  5.85373005e-07]] [6.91228313e-05 3.21409057e-05 6.26108734e-05 9.70343866e-05 6.06354596e-05 8.13868316e-05 7.08929359e-05 8.37212418e-05 1.67102586e-04 1.44329070e-04 9.13468440e-05 5.58093552e-05 8.95900003e-05 2.08864196e-04 1.80977050e-04 1.33811980e-04 1.54084524e-04 1.34137520e-04 1.87574370e-04]
promote [-3.54969334e-04  1.99215777e+03  2.97695607e-01  5.24439596e-04] [[ 2.28373763e-07  3.41309375e-03  2.39739221e-04 -1.89619100e-07] [ 3.41309375e-03  6.36815563e+01  3.36171166e+00 -3.04525101e-03] [ 2.39739221e-04  3.36171166e+00  2.78322597e-01 -1.93723371e-04] [-1.89619100e-07 -3.04525101e-03 -1.93723371e-04  1.61836918e-07]] [4.97684385e-04 3.69620416e-04 4.38276114e-04 3.88137546e-04 5.86142776e-04 2.23813787e-04 8.66469217e-05 3.85117712e-04 4.57715780e-04 3.28749549e-04 1.43545041e-04 1.19591476e-04 2.36517601e-04 2.74507230e-04 9.61440577e-05 1.98410867e-04 2.22566535e-04 1.14975017e-04 2.40329662e-04]
forms [-2.11980355e-04  1.99399493e+03  1.51460961e+01  3.23339901e-04] [[ 1.53885298e-09  4.63575291e-03  1.38462882e+01 -9.47130599e-10] [ 4.63575291e-03  1.16069783e+05  3.46694355e+08 -3.00163233e-03] [ 1.38462882e+01  3.46694355e+08  1.03555794e+12 -8.96423675e+00] [-9.47130599e-10 -3.00163233e-03 -8.96423675e+00  9.04869493e-10]] [2.21193060e-04 3.37479510e-04 4.80016696e-04 2.30456668e-04 2.72859568e-04 2.74680557e-04 4.64742580e-04 1.75814608e-04 1.30775937e-04 1.76402197e-04 1.17445942e-04 1.03645945e-04 8.24228003e-05 1.07415872e-04 8.48329921e-05 5.07562684e-05 6.84820106e-05 1.58090648e-04 1.64127574e-04]
property [-3.65593160e-04  1.99295780e+03  1.25820460e+01  6.08055143e-04] [[ 2.12080409e-08  2.37761577e-02  7.08866835e+00 -1.46887033e-08] [ 2.37761577e-02  1.91081415e+05  5.69708594e+07 -2.02747649e-02] [ 7.08866835e+00  5.69708594e+07  1.69858484e+10 -6.04366408e+00] [-1.46887033e-08 -2.02747649e-02 -6.04366408e+00  1.43168959e-08]] [9.67719638e-04 4.98184039e-04 4.17405823e-05 2.54715265e-04 1.16217964e-03 7.73174900e-04 2.44186779e-04 3.26512843e-04 2.90613194e-04 1.92438760e-04 9.13468440e-05 7.17548853e-05 1.36176800e-04 2.50637036e-04 1.52699386e-04 3.92207529e-04 4.28012566e-04 3.20971922e-04 3.39978546e-04]
protection [-8.79137637e-04  1.98990594e+03  5.13339505e-01  1.37485361e-03] [[ 1.09064685e-06  5.31666579e-03  7.09843486e-04 -1.03518724e-06] [ 5.31666579e-03  2.85921495e+01  3.39212817e+00 -5.15678565e-03] [ 7.09843486e-04  3.39212817e+00  5.70765128e-01 -6.63106392e-04] [-1.03518724e-06 -5.15678565e-03 -6.63106392e-04  9.92217549e-07]] [0.0009539  0.00170347 0.00087655 0.00054582 0.00082868 0.00104786 0.00064591 0.00053582 0.00055943 0.00081786 0.00031319 0.00013554 0.00027235 0.00026854 0.00052596 0.00042912 0.00077898 0.00090064 0.00054514]
e [1.19391730e-04 1.99807119e+03 2.82007575e+01 4.96479874e-05] [[ 4.78418554e-09 -3.68280360e-06 -9.29958854e-09 -1.86051660e-09] [-3.68280360e-06  1.77814735e-01  4.49006804e-04  4.66809306e-06] [-9.29958854e-09  4.49006804e-04  1.13380429e-06  1.17875807e-08] [-1.86051660e-09  4.66809306e-06  1.17875807e-08  1.86051660e-09]] [4.14736988e-05 3.21409057e-05 4.17405823e-05 4.85171933e-05 2.02118199e-05 3.05200619e-05 1.02400907e-04 6.69769934e-05 7.99186283e-05 5.61279718e-05 2.60990983e-05 6.37821203e-05 6.55798802e-04 7.16105817e-05 6.22108609e-05 3.22994435e-05 4.28012566e-05 9.58125141e-05 2.22744565e-04]
men [-2.72811115e-04  1.99494440e+03  4.12309214e+01  3.56761538e-04] [[ 7.38251325e-09 -2.77653931e-06  3.74237412e-09 -4.10139625e-09] [-2.77653931e-06  4.04262442e-02 -5.44887405e-05 -4.01256200e-07] [ 3.74237412e-09 -5.44887405e-05  7.34429552e-08  5.40835425e-10] [-4.10139625e-09 -4.01256200e-07  5.40835425e-10  4.10139625e-09]] [2.07368494e-04 6.58888567e-04 4.38276114e-04 6.06464916e-05 1.51588649e-04 4.57800928e-04 1.26031886e-04 7.53491176e-04 1.08979948e-04 3.20731267e-05 1.04396393e-04 3.18910601e-05 4.30032002e-05 9.54807755e-05 9.61440577e-05 1.84568249e-04 1.28403770e-04 7.66500113e-05 4.68935926e-05]
object [-7.88795192e-05  1.98894697e+03  2.37677588e+01  1.24071850e-04] [[ 1.24796366e-09  3.39242018e+01  1.52073520e+04 -1.17459718e-09] [ 3.39242018e+01  1.95982036e+12  8.78537349e+14 -3.39270419e+01] [ 1.52073520e+04  8.78537349e+14  3.93825826e+17 -1.52086251e+04] [-1.17459718e-09 -3.39270419e+01 -1.52086251e+04  1.17464634e-09]] [5.52982650e-05 1.92845434e-04 6.26108734e-05 6.06464916e-05 3.03177298e-05 6.10401237e-05 2.36309786e-05 5.02327451e-05 4.35919791e-05 1.60365634e-05 2.60990983e-05 1.59455301e-05 3.94196001e-05 5.96754847e-05 3.95887297e-05 1.10740949e-04 4.28012566e-05 6.22781341e-05 4.10318935e-05]
inequality [-1.13737160e-04  1.99499022e+03  3.63012541e+01  1.75839561e-04] [[ 3.44584764e-09 -1.11202088e-07  2.99581323e-11 -1.91435980e-09] [-1.11202088e-07  1.61551675e-02 -4.35224423e-06 -7.88675820e-07] [ 2.99581323e-11 -4.35224423e-06  1.17250593e-09  2.12471321e-10] [-1.91435980e-09 -7.88675820e-07  2.12471321e-10  1.91435980e-09]] [2.76491325e-05 4.49972680e-04 1.87832620e-04 4.85171933e-05 8.08472795e-05 1.62773663e-04 4.72619573e-05 4.01861960e-04 1.08979948e-04 3.20731267e-05 6.52477457e-05 7.97276503e-06 1.21842400e-04 1.79026454e-05 2.26221312e-05 2.21481898e-04 7.70422620e-05 4.31156313e-05 1.17233981e-05]
duty [-6.95722050e-05  1.99594363e+03  2.22176653e+01  1.05786823e-04] [[ 6.75533315e-10  2.05098551e+01  8.08491292e+03 -3.57644877e-10] [ 2.05098551e+01  1.06989692e+13  4.21749598e+15 -2.06244042e+01] [ 8.08491292e+03  4.21749598e+15  1.66252207e+18 -8.13006743e+03] [-3.57644877e-10 -2.06244042e+01 -8.13006743e+03  3.57865692e-10]] [1.10596530e-04 1.12493170e-04 4.17405823e-05 9.70343866e-05 5.05295497e-05 2.54333849e-04 4.72619573e-05 1.17209738e-04 1.23510607e-04 4.00914084e-05 0.00000000e+00 3.18910601e-05 1.43344001e-05 2.98377424e-05 6.78663937e-05 2.30710311e-05 8.56025133e-06 4.79062570e-05 1.11372282e-04]
efforts [-2.40426560e-04  1.99693869e+03  1.34446152e+01  3.70599230e-04] [[ 2.33348288e-09  7.37607433e-03  1.61786664e+00 -1.09479370e-09] [ 7.37607433e-03  3.41424835e+05  7.48799724e+07 -5.94910497e-03] [ 1.61786664e+00  7.48799724e+07  1.64223866e+10 -1.30464044e+00] [-1.09479370e-09 -5.94910497e-03 -1.30464044e+00  1.06991108e-09]] [4.83859819e-04 3.85690869e-04 2.71313785e-04 4.12396143e-04 5.15401407e-04 3.76414096e-04 1.89047829e-04 2.34419477e-04 3.70531822e-04 4.97133464e-04 1.04396393e-04 4.78365902e-05 1.03924400e-04 1.61123809e-04 1.47043853e-04 1.93796661e-04 1.28403770e-04 1.05393765e-04 2.22744565e-04]
statement [-9.78764503e-05  2.00000306e+03  3.04201309e+01  1.71981485e-04] [[ 2.86352039e-09 -7.67133468e-07 -7.71402050e-11 -7.95422331e-10] [-7.67133468e-07  1.99916730e-02  2.01029132e-06 -5.60368084e-07] [-7.71402050e-11  2.01029132e-06  2.02147724e-10 -5.63486155e-11] [-7.95422331e-10 -5.60368084e-07 -5.63486155e-11  7.95422331e-10]] [5.52982650e-05 1.44634076e-04 2.29573203e-04 4.36654740e-04 5.05295497e-05 2.03467079e-04 2.04801815e-04 5.86048692e-05 1.88898576e-04 1.60365634e-04 3.91486474e-05 2.63101246e-04 2.00681601e-04 1.25318518e-04 0.00000000e+00 5.53704746e-05 9.41627646e-05 1.38928145e-04 8.20637870e-05]
j. [-4.41886369e-04  1.98926578e+03  9.86985768e-01  6.61381891e-04] [[ 2.73094150e-08  1.55713167e-04  9.36309281e-05 -2.61448892e-08] [ 1.55713167e-04  1.13567273e+00  5.26352460e-01 -1.54536434e-04] [ 9.36309281e-05  5.26352460e-01  4.64154150e-01 -8.86981029e-05] [-2.61448892e-08 -1.54536434e-04 -8.86981029e-05  2.54505293e-08]] [0.00062211 0.00056247 0.00045915 0.00036388 0.00032339 0.00021364 0.00024419 0.00015907 0.0001671  0.00016037 0.00035234 0.00019932 0.00015051 0.00015516 0.00019794 0.00019841 0.00041089 0.00018683 0.00029308]
e.g. [-3.05115790e-04  1.98996060e+03  3.19522471e+01  4.68087415e-04] [[ 4.46609679e-09  1.44938591e-07 -1.78656547e-10 -3.72174733e-09] [ 1.44938591e-07  4.18120754e-03 -5.15390757e-06 -4.90038073e-07] [-1.78656547e-10 -5.15390757e-06  6.35289279e-09  6.04038644e-10] [-3.72174733e-09 -4.90038073e-07  6.04038644e-10  3.72174733e-09]] [3.73263289e-04 3.21409057e-04 7.09589899e-04 2.30456668e-04 8.08472795e-05 5.08667698e-05 1.49662865e-04 1.42326111e-04 3.19674513e-04 8.82010985e-05 7.82972948e-05 1.03645945e-04 2.04265201e-04 2.14831745e-04 1.64010451e-04 1.93796661e-04 2.65367791e-04 2.01206280e-04 1.87574370e-04]
judicial [-1.18711360e-03  1.98994893e+03  2.39174043e+01  1.74421633e-03] [[ 3.32262901e-08  4.06028151e-07 -8.66762851e-10 -2.76885751e-08] [ 4.06028151e-07  3.52092656e-03 -7.51624816e-06 -1.26245928e-06] [-8.66762851e-10 -7.51624816e-06  1.60452044e-08  2.69501710e-09] [-2.76885751e-08 -1.26245928e-06  2.69501710e-09  2.76885751e-08]] [0.00147923 0.00131778 0.00244182 0.00080053 0.0006872  0.00068161 0.00056714 0.00038512 0.00062482 0.00076976 0.00040454 0.00057404 0.00029744 0.00016709 0.00045244 0.00075212 0.00071906 0.00047427 0.00082064]
review [-6.02484869e-04  1.98995444e+03  1.88096457e+01  9.16192451e-04] [[ 1.94718430e-08  4.23753778e+00  1.74964354e+03 -1.70288001e-08] [ 4.23753778e+00  3.07415318e+09  1.26929210e+12 -4.11329090e+00] [ 1.74964354e+03  1.26929210e+12  5.24080075e+14 -1.69834277e+03] [-1.70288001e-08 -4.11329090e+00 -1.69834277e+03  1.68625540e-08]] [0.00105067 0.00057854 0.00116874 0.00032749 0.00039413 0.00020347 0.0002048  0.00023442 0.0003778  0.00047308 0.00016964 0.00014351 0.00034044 0.00017903 0.00024319 0.00065983 0.00046225 0.00037846 0.00035756]
ed [-1.52960418e-04  1.99201269e+03  2.05480233e+01  2.87636443e-04] [[ 2.21061980e-09 -2.68341522e+00  4.34461810e+03 -1.57403661e-09] [-2.68341522e+00  2.97487791e+10 -4.81651321e+13  1.68833761e+00] [ 4.34461810e+03 -4.81651321e+13  7.79823584e+16 -2.73352577e+03] [-1.57403661e-09  1.68833761e+00 -2.73352577e+03  1.51756278e-09]] [3.04140458e-04 3.05338604e-04 2.08702911e-04 1.33422282e-04 4.85083677e-04 2.23813787e-04 1.57539858e-04 1.84186732e-04 1.16245278e-04 8.01828168e-05 1.82693688e-04 5.58093552e-05 2.54435601e-04 1.31286066e-04 1.80977050e-04 1.01512537e-04 1.28403770e-04 7.66500113e-05 9.96488842e-05]
political [-1.22196421e-03  1.99592164e+03  4.61193061e+00  1.74435084e-03] [[ 4.82074784e-08  2.65047378e-05  1.73263661e-03 -2.49204070e-08] [ 2.65047378e-05  2.80963337e-01  1.02111878e+01 -2.64842593e-05] [ 1.73263661e-03  1.02111878e+01  6.13098419e+02 -1.14226830e-03] [-2.49204070e-08 -2.64842593e-05 -1.14226830e-03  2.38819142e-08]] [0.00100919 0.00300517 0.00202442 0.00117654 0.00203129 0.00161756 0.00144937 0.0015907  0.00178001 0.00101832 0.00062638 0.00074944 0.00059488 0.00050724 0.00032237 0.00050295 0.00065914 0.00036409 0.00038687]
m. [2.23188799e-04 2.00091504e+03 1.22588664e+01 9.50284330e-05] [[ 2.40072994e-09 -1.81679265e-03 -2.62488588e-01 -5.71786144e-10] [-1.81679265e-03  4.09824337e+04  5.91370230e+06  1.26721301e-03] [-2.62488588e-01  5.91370230e+06  8.53338786e+08  1.82820231e-01] [-5.71786144e-10  1.26721301e-03  1.82820231e-01  5.54722891e-10]] [2.07368494e-04 2.57127246e-04 4.17405823e-05 6.06464916e-05 1.11165009e-04 1.42426955e-04 7.08929359e-05 8.37212418e-05 7.26532985e-05 3.20731267e-05 5.21981966e-05 3.98638252e-05 1.00340800e-04 5.37079362e-05 2.77121108e-04 4.89105859e-04 3.25289551e-04 1.82043777e-04 2.63776458e-04]
closely [-1.31523391e-04  1.99177128e+03  6.32139650e-01  1.99663175e-04] [[ 2.47332654e-09  5.98989963e-05  2.17853136e-05 -2.12498860e-09] [ 5.98989963e-05  2.83127509e+00  5.01461245e-01 -6.07605279e-05] [ 2.17853136e-05  5.01461245e-01  2.87155288e-01 -1.82994453e-05] [-2.12498860e-09 -6.07605279e-05 -1.82994453e-05  1.95885299e-09]] [1.65894795e-04 2.41056793e-04 1.87832620e-04 1.09163685e-04 1.61694559e-04 1.42426955e-04 1.18154893e-04 1.08837614e-04 6.53879686e-05 4.81096901e-05 1.04396393e-04 3.98638252e-05 3.58360001e-05 8.35456786e-05 6.22108609e-05 9.68983306e-05 1.71205027e-05 7.18593856e-05 1.34819079e-04]
ways [-1.37797491e-04  2.00052262e+03  8.09110111e-01  2.69945278e-04] [[ 7.46457826e-09 -1.38561889e-04  8.83684649e-05 -1.06093752e-09] [-1.38561889e-04  6.35589020e+00 -1.58285548e+00 -7.33501922e-06] [ 8.83684649e-05 -1.58285548e+00  1.84106574e+00 -1.37330873e-05] [-1.06093752e-09 -7.33501922e-06 -1.37330873e-05  6.61480105e-10]] [0.00030414 0.00022499 0.00035479 0.00019407 0.00018191 0.00016277 0.00024419 0.00041023 0.00027608 0.00038488 0.00023489 0.00030297 0.00012901 0.0002387  0.00022057 0.00018457 0.00010272 0.00012456 0.00016413]
equal [-5.62540978e-04  1.98893095e+03  3.68919487e+01  8.55626702e-04] [[ 3.90392151e-08 -1.07552380e-06  2.01214134e-09 -3.47015245e-08] [-1.07552380e-06  3.75173814e-02 -7.01893102e-05 -1.80214810e-06] [ 2.01214134e-09 -7.01893102e-05  1.31313516e-07  3.37154481e-09] [-3.47015245e-08 -1.80214810e-06  3.37154481e-09  3.47015245e-08]] [0.00024884 0.00146241 0.00033392 0.00024259 0.00023244 0.00039676 0.0003781  0.00036    0.00019616 0.00060137 0.00024794 0.00011959 0.00011468 0.00017903 0.00022057 0.00022148 0.00051362 0.0004599 0.00020516]
finally [-8.74490111e-05  1.99704875e+03  4.92367410e-01  1.25855497e-04] [[ 2.32674714e-09 -3.32829698e-05  2.71659443e-05 -9.10530618e-10] [-3.32829698e-05  8.05765731e+00 -3.51646938e-01 -2.11803044e-05] [ 2.71659443e-05 -3.51646938e-01  4.51874542e-01 -1.09122896e-05] [-9.10530618e-10 -2.11803044e-05 -1.09122896e-05  6.06793205e-10]] [1.65894795e-04 4.82113586e-05 8.34811646e-05 1.09163685e-04 1.81906379e-04 1.93293725e-04 1.18154893e-04 9.20933659e-05 6.53879686e-05 9.62193802e-05 3.91486474e-05 1.27564241e-04 8.95900003e-05 2.38701939e-05 4.52442625e-05 4.15278560e-05 5.99217593e-05 2.87437542e-05 4.10318935e-05]
identified [5.36625911e-05 1.99003329e+03 1.94291112e+01 8.61472078e-06] [[ 4.26349241e-10  7.01631123e-01 -4.09427141e+02 -3.48807759e-10] [ 7.01631123e-01  2.01177747e+10 -1.17394352e+13 -3.98798515e-01] [-4.09427141e+02 -1.17394352e+13  6.85037695e+15  2.32713627e+02] [-3.48807759e-10 -3.98798515e-01  2.32713627e+02  3.42804638e-10]] [2.76491325e-05 0.00000000e+00 0.00000000e+00 2.42585966e-05 7.07413696e-05 5.08667698e-05 2.36309786e-05 1.00465490e-04 7.99186283e-05 2.40548450e-05 5.21981966e-05 1.03645945e-04 5.73376002e-05 7.16105817e-05 3.95887297e-05 5.53704746e-05 1.36964021e-04 3.35343799e-05 3.51701944e-05]
collective [-3.12368754e-04  1.99556538e+03  4.62283419e-01  3.70456733e-04] [[ 6.51911582e-08  1.16910953e-04  1.97892255e-04 -3.56008078e-08] [ 1.16910953e-04  1.74702545e+01  3.18081888e-01 -3.40662050e-04] [ 1.97892255e-04  3.18081888e-01  8.17981576e-01 -1.07122593e-04] [-3.56008078e-08 -3.40662050e-04 -1.07122593e-04  2.62664592e-08]] [1.93543928e-04 3.69620416e-04 4.17405823e-05 7.15628601e-04 8.08472795e-04 1.22080247e-04 1.96924822e-04 1.17209738e-04 2.17959895e-04 3.60822676e-04 9.13468440e-05 6.37821203e-05 1.00340800e-04 3.69988005e-04 1.13110656e-05 3.69136497e-05 3.42410053e-05 5.74875084e-05 2.93084954e-05]
