conceptions [-4.65959476e-04  1.98936574e+03  3.58031623e-01  4.72350630e-04] [[ 3.99103756e-07  4.78300768e-03  2.51453446e-04 -3.80441415e-07][ 4.78300768e-03  5.91941521e+01  2.97686189e+00 -4.59694681e-03][ 2.51453446e-04  2.97686189e+00  1.81659188e-01 -2.36561552e-04][-3.80441415e-07 -4.59694681e-03 -2.36561552e-04  3.64100443e-07]] [1.98572008e-04 5.82155162e-04 1.57547658e-04 1.10223754e-041.75386774e-04 1.67512371e-04 9.55025138e-05 9.99359501e-051.01608180e-04 5.44687032e-05 0.00000000e+00 1.65851231e-052.16903860e-05 2.38701939e-05 5.67179586e-06 1.84584431e-051.63345312e-05 4.54700466e-06 0.00000000e+00] 0.619327565776145
structural [-5.48943607e-05  1.99544568e+03  6.78794631e+00  6.72206135e-05] [[ 1.41254913e-10 -1.12338719e-06  8.04895514e-05 -7.47834067e-11][-1.12338719e-06  2.69608271e+00 -2.00610471e+01 -2.48864473e-06][ 8.04895514e-05 -2.00610471e+01  5.56628127e+02 -2.82718916e-05][-7.47834067e-11 -2.48864473e-06 -2.82718916e-05  7.47593399e-11]] [1.12236352e-04 2.37614352e-05 1.12534042e-04 3.00610239e-058.30779456e-05 4.88577750e-05 5.45728650e-05 7.26806910e-056.46597512e-05 1.36171758e-05 0.00000000e+00 2.76418719e-051.62677895e-05 5.96754847e-06 0.00000000e+00 1.38438323e-058.16726560e-06 2.72820280e-05 1.17233981e-05] 0.6107903091823204
transition [-4.88231381e-05  1.99383401e+03  1.73538663e+01  5.41107938e-05] [[ 3.29153227e-10  8.07240124e-02  8.44150341e+00 -2.12954561e-10][ 8.07240124e-02  2.13039308e+08  2.22773819e+10 -8.04875784e-02][ 8.44150341e+00  2.22773819e+10  2.32953134e+12 -8.41650995e+00][-2.12954561e-10 -8.04875784e-02 -8.41650995e+00  2.12864413e-10]] [3.45342623e-05 3.56421528e-05 1.12534042e-05 4.00813652e-051.75386774e-04 2.09390464e-05 6.13944731e-05 0.00000000e+001.84742146e-05 4.53905860e-06 9.24462194e-06 0.00000000e+002.71129825e-06 1.79026454e-05 0.00000000e+00 0.00000000e+008.16726560e-06 4.54700466e-06 0.00000000e+00] 0.35306239255172056
powers [-2.98603251e-04  1.99496279e+03  3.45091087e+01  3.49316574e-04] [[ 1.09466318e-08 -1.42331012e-06  1.53433739e-09 -6.08146213e-09][-1.42331012e-06  1.69450962e-02 -1.82669218e-05 -7.53364913e-07][ 1.53433739e-09 -1.82669218e-05  1.96918582e-08  8.12132183e-10][-6.08146213e-09 -7.53364913e-07  8.12132183e-10  6.08146213e-09]] [8.46089426e-04 2.85137222e-04 1.68801062e-04 2.10427167e-041.38463243e-04 1.25634279e-04 1.56896987e-04 8.63083206e-041.15463841e-04 6.35468204e-05 9.24462194e-06 1.93493103e-044.88033685e-05 5.96754847e-06 5.67179586e-06 1.84584431e-051.63345312e-05 1.04581107e-04 4.10318935e-05] 0.35442964497577345
serves [-7.27786304e-05  1.99158821e+03  4.06352707e+00  8.96767432e-05] [[ 1.37015883e-10  1.59406966e-06  1.90029655e-05 -1.04893392e-10][ 1.59406966e-06  2.72051977e-01  9.71483850e-01 -2.03428206e-06][ 1.90029655e-05  9.71483850e-01  2.01493344e+01 -1.62745445e-05][-1.04893392e-10 -2.03428206e-06 -1.62745445e-05  1.04539049e-10]] [4.31678279e-05 8.31650232e-05 1.12534042e-04 1.20244096e-048.30779456e-05 2.79187286e-05 3.41080406e-05 3.63403455e-059.23710731e-06 2.26952930e-05 0.00000000e+00 5.52837438e-062.16903860e-05 5.96754847e-06 1.13435917e-05 1.38438323e-058.16726560e-06 4.54700466e-06 4.68935926e-05] 0.7510413442294052
weakness [-2.15567635e-05  1.99693569e+03  5.46736135e-01  2.68198253e-05] [[ 2.06998828e-10 -9.54499369e-06  1.13181270e-05 -8.40014659e-11][-9.54499369e-06  1.20110876e+01 -4.79000558e-01 -9.09746902e-06][ 1.13181270e-05 -4.79000558e-01  9.70845034e-01 -4.68071704e-06][-8.40014659e-11 -9.09746902e-06 -4.68071704e-06  5.98790944e-11]] [8.63356558e-06 4.75228704e-05 0.00000000e+00 4.00813652e-054.61544142e-05 1.39593643e-05 3.41080406e-05 1.81701728e-051.38556610e-05 2.72343516e-05 0.00000000e+00 2.76418719e-051.62677895e-05 0.00000000e+00 5.67179586e-06 0.00000000e+001.63345312e-05 9.09400932e-06 0.00000000e+00] 0.29591596594635483
respects [-7.07309185e-05  1.99309347e+03  1.62823895e+00  8.84124934e-05] [[ 1.62467180e-10  1.58013038e-06  8.79213681e-06 -1.11972584e-10][ 1.58013038e-06  4.39007969e-01  8.06380161e-02 -2.66641725e-06][ 8.79213681e-06  8.06380161e-02  2.37295577e+00 -6.04190743e-06][-1.11972584e-10 -2.66641725e-06 -6.04190743e-06  1.07547540e-10]] [1.03602787e-04 9.50457408e-05 5.62670208e-05 6.01220478e-051.38463243e-04 6.28171393e-05 5.45728650e-05 3.63403455e-052.30927683e-05 0.00000000e+00 2.77338658e-05 2.21134975e-058.13389475e-06 5.96754847e-06 0.00000000e+00 1.84584431e-052.45017968e-05 1.81880186e-05 4.68935926e-05] 0.7256031173317613
counter [-2.72819374e-05  1.99662221e+03  3.63895429e-01  2.88016407e-05] [[ 4.77037852e-10 -1.69556514e-05  1.15714644e-05 -2.06847697e-10][-1.69556514e-05  1.49135995e+01 -3.64616604e-01 -1.19413612e-05][ 1.15714644e-05 -3.64616604e-01  3.29120899e-01 -5.10471318e-06][-2.06847697e-10 -1.19413612e-05 -5.10471318e-06  1.23542513e-10]] [3.45342623e-05 0.00000000e+00 2.25068083e-05 6.01220478e-052.76926485e-05 2.79187286e-05 1.36432163e-05 1.81701728e-051.38556610e-05 1.36171758e-05 1.84892439e-05 1.65851231e-051.35564913e-05 5.96754847e-06 0.00000000e+00 4.61461078e-068.16726560e-06 4.54700466e-06 0.00000000e+00] 0.4182500950425794
jefferson [-4.66083432e-05  1.99499821e+03  3.37816378e+01  5.63348927e-05] [[ 2.81373136e-10  2.89262637e-08 -1.53401707e-12 -1.56318409e-10][ 2.89262637e-08  8.53779788e-03 -4.52776336e-07 -1.92728546e-07][-1.53401707e-12 -4.52776336e-07  2.40116261e-11  1.02207766e-11][-1.56318409e-10 -1.92728546e-07  1.02207766e-11  1.56318409e-10]] [6.90685246e-05 9.50457408e-05 0.00000000e+00 3.00610239e-059.23088284e-05 2.79187286e-05 0.00000000e+00 1.36276296e-043.23298756e-05 2.26952930e-05 0.00000000e+00 5.52837438e-060.00000000e+00 1.19350969e-05 0.00000000e+00 0.00000000e+004.08363280e-05 4.54700466e-06 1.17233981e-05] 0.3398813833664972
allied [-7.17781508e-05  1.98863712e+03  5.61784214e-01  7.69698010e-05] [[ 7.14589108e-09  3.83273839e-04  4.56871152e-05 -6.98639363e-09][ 3.83273839e-04  2.12452848e+01  2.45515517e+00 -3.76690061e-04][ 4.56871152e-05  2.45515517e+00  3.50786942e-01 -4.43010322e-05][-6.98639363e-09 -3.76690061e-04 -4.43010322e-05  6.84788131e-09]] [4.31678279e-05 8.31650232e-05 1.12534042e-05 2.00406826e-052.76926485e-05 2.79187286e-05 6.82160813e-06 4.54254319e-069.23710731e-06 0.00000000e+00 9.24462194e-06 5.52837438e-061.35564913e-05 0.00000000e+00 0.00000000e+00 4.61461078e-068.16726560e-06 4.54700466e-06 5.86169907e-06] 0.629192261584979
identified [5.66388872e-05 1.98995125e+03 5.62028531e-01 7.10899147e-06] [[ 7.83031091e-09 -5.52623645e-04 -9.32416294e-05 -7.42177009e-09][-5.52623645e-04  4.41966570e+01  6.44245556e+00  5.37835711e-04][-9.32416294e-05  6.44245556e+00  1.40509149e+00  8.69709013e-05][-7.42177009e-09  5.37835711e-04  8.69709013e-05  7.11898509e-09]] [2.59006967e-05 0.00000000e+00 4.50136166e-05 2.00406826e-056.46161799e-05 4.88577750e-05 3.41080406e-05 5.90530614e-058.77525194e-05 3.17734102e-05 6.47123536e-05 8.29256157e-056.50711580e-05 7.16105817e-05 3.97025710e-05 5.53753294e-051.38843515e-04 3.18290326e-05 3.51701944e-05] 0.2711187688431137
substantive [-6.80354124e-04  1.98988351e+03  3.95620729e-01  8.07241745e-04] [[ 3.47879270e-07  2.65686635e-03  1.93442084e-04 -3.28566175e-07][ 2.65686635e-03  2.15062426e+01  1.44832553e+00 -2.54706924e-03][ 1.93442084e-04  1.44832553e+00  1.25974717e-01 -1.79789429e-04][-3.28566175e-07 -2.54706924e-03 -1.79789429e-04  3.12457109e-07]] [6.38883853e-04 4.87109421e-04 6.75204249e-04 5.51118771e-042.67695602e-04 3.21065379e-04 1.63718595e-04 1.86244271e-043.04824541e-04 4.58444919e-04 1.10935463e-04 9.95107389e-051.00318035e-04 1.19350969e-04 5.67179586e-06 1.15365270e-042.04181640e-04 2.45538252e-04 5.27552916e-05] 0.715980862338262
prepolitical [-2.71213672e-04  1.98904484e+03  4.64356492e-01  2.69977902e-04] [[ 1.27479670e-07  2.14046712e-03  1.82870989e-04 -1.23408591e-07][ 2.14046712e-03  3.72607864e+01  3.05603829e+00 -2.08706692e-03][ 1.82870989e-04  3.05603829e+00  3.11104040e-01 -1.75124528e-04][-1.23408591e-07 -2.08706692e-03 -1.75124528e-04  1.19882257e-07]] [1.29503484e-04 3.32660093e-04 3.37602125e-05 6.01220478e-057.38470627e-05 1.39593643e-04 2.72864325e-05 9.08508638e-064.61855365e-06 0.00000000e+00 0.00000000e+00 0.00000000e+005.42259650e-06 0.00000000e+00 0.00000000e+00 0.00000000e+000.00000000e+00 0.00000000e+00 5.86169907e-06] 0.5743568579449108
distributional [7.46766611e-05 1.99451877e+03 6.57612950e+00 6.75380246e-06] [[ 4.26003497e-10 -3.22622759e-06 -1.57872567e-04 -2.50602512e-10][-3.22622759e-06  3.43675788e+00  9.39157753e+00  7.97631043e-06][-1.57872567e-04  9.39157753e+00  5.95926625e+02  1.02002952e-04][-2.50602512e-10  7.97631043e-06  1.02002952e-04  2.50530509e-10]] [1.72671312e-05 0.00000000e+00 0.00000000e+00 3.00610239e-050.00000000e+00 0.00000000e+00 0.00000000e+00 9.08508638e-067.85154121e-05 4.53905860e-05 1.57158573e-04 1.10567488e-053.79581755e-05 8.95132271e-05 6.80615503e-05 4.15314970e-057.35053904e-05 1.72786177e-04 1.17233981e-04] 0.49190432790678307
extremes [3.26747075e-05 1.99547589e+03 2.21878212e+00 1.16877349e-06] [[ 8.39449853e-11 -2.01026128e-07 -1.19350255e-05 -4.46401668e-11][-2.01026128e-07  9.90496833e-01 -1.74737467e-02  1.80122330e-06][-1.19350255e-05 -1.74737467e-02  1.49258174e+01  6.27744027e-06][-4.46401668e-11  1.80122330e-06  6.27744027e-06  4.34152532e-11]] [8.63356558e-06 0.00000000e+00 0.00000000e+00 0.00000000e+000.00000000e+00 0.00000000e+00 0.00000000e+00 0.00000000e+001.38556610e-05 1.81562344e-05 5.54677316e-05 1.65851231e-053.25355790e-05 4.17728393e-05 3.40307752e-05 7.38337725e-054.90035936e-05 0.00000000e+00 5.86169907e-06] 0.4891112148968826
vindicated [-4.03048763e-05  1.99095693e+03  1.76727682e+01  4.89853356e-05] [[ 9.88856827e-11  1.08952499e-01  4.47110315e+01 -8.04082922e-11][ 1.08952499e-01  5.54497617e+08  2.27550278e+11 -1.02539433e-01][ 4.47110315e+01  2.27550278e+11  9.33802550e+13 -4.20792579e+01][-8.04082922e-11 -1.02539433e-01 -4.20792579e+01  7.92223558e-11]] [8.63356558e-06 8.31650232e-05 4.50136166e-05 6.01220478e-051.84617657e-05 6.97968215e-06 2.04648244e-05 1.81701728e-054.61855365e-06 9.07811720e-06 0.00000000e+00 0.00000000e+002.71129825e-06 5.96754847e-06 5.67179586e-06 9.22922156e-068.16726560e-06 9.09400932e-06 2.34467963e-05] 0.5837055176230765
security [4.85017001e-04 2.00308698e+03 2.52820567e+01 1.11856665e-04] [[ 1.60206186e-08 -1.64092009e-07 -5.64736836e-10 -1.78006874e-09][-1.64092009e-07  2.47756445e-02  8.52675228e-05  1.45459169e-06][-5.64736836e-10  8.52675228e-05  2.93455552e-07  5.00610308e-09][-1.78006874e-09  1.45459169e-06  5.00610308e-09  1.78006874e-09]] [1.72671312e-04 8.31650232e-05 1.12534042e-05 1.00203413e-042.30772071e-04 1.18654596e-04 4.09296488e-05 1.04478493e-048.31339658e-05 1.81562344e-05 1.47913951e-04 7.18688670e-054.06694738e-05 3.10312521e-04 1.81497468e-04 1.15365270e-041.14341718e-04 1.00488803e-03 1.93436069e-04] 0.49468471881830267
independence [-1.04522492e-04  1.99492648e+03  1.05409922e+01  1.25769037e-04] [[ 1.34917257e-09  1.00874705e-03  1.44722179e-01 -7.87511035e-10][ 1.00874705e-03  8.03046726e+03  1.15133870e+06 -8.63692263e-04][ 1.44722179e-01  1.15133870e+06  1.65071039e+08 -1.23701084e-01][-7.87511035e-10 -8.63692263e-04 -1.23701084e-01  7.71767060e-10]] [1.81304877e-04 3.56421528e-05 6.75204249e-05 1.10223754e-043.41542665e-04 5.58374572e-05 2.72864325e-05 1.90786814e-044.15669829e-05 2.26952930e-05 9.24462194e-06 2.76418719e-055.42259650e-06 1.79026454e-05 3.97025710e-05 3.69168862e-052.45017968e-05 1.36410140e-05 2.34467963e-05] 0.37421667609543374
outgrowth [-7.68587626e-05  1.98897639e+03  1.25766142e+01  9.04012716e-05] [[ 2.55370085e-10  9.86625968e-04  5.25332117e-01 -2.31660081e-10][ 9.86625968e-04  9.70654020e+03  5.16935878e+06 -9.22962360e-04][ 5.25332117e-01  5.16935878e+06  2.75301855e+09 -4.91404845e-01][-2.31660081e-10 -9.22962360e-04 -4.91404845e-01  2.25604243e-10]] [8.63356558e-05 9.50457408e-05 4.50136166e-05 2.00406826e-059.23088284e-06 3.48984107e-05 3.41080406e-05 4.54254319e-061.84742146e-05 1.36171758e-05 9.24462194e-06 0.00000000e+005.42259650e-06 0.00000000e+00 0.00000000e+00 9.22922156e-060.00000000e+00 0.00000000e+00 5.86169907e-05] 0.7278167136366052
discern [-5.26749007e-05  1.99012145e+03  1.22202607e+01  5.75596001e-05] [[ 1.44793585e-10 -2.75434965e-04  2.78058621e-02 -1.18983374e-10][-2.75434965e-04  2.86104007e+04 -2.87835418e+06  5.55821063e-05][ 2.78058621e-02 -2.87835418e+06  2.89577774e+08 -5.69203861e-03][-1.18983374e-10  5.55821063e-05 -5.69203861e-03  1.18549457e-10]] [3.45342623e-05 2.37614352e-05 1.12534042e-04 5.01017065e-050.00000000e+00 0.00000000e+00 6.82160813e-06 0.00000000e+000.00000000e+00 4.53905860e-06 0.00000000e+00 2.21134975e-058.13389475e-06 0.00000000e+00 5.67179586e-06 1.38438323e-050.00000000e+00 0.00000000e+00 1.17233981e-05] 0.6014447844072506
amendment [-4.93006601e-04  1.99690426e+03  1.50170061e+01  5.93070405e-04] [[ 1.47172288e-08  7.49911683e-02  1.17652940e+01 -6.92585750e-09][ 7.49911683e-02  7.15154841e+06  1.12193370e+09 -7.00330539e-02][ 1.17652940e+01  1.12193370e+09  1.76008771e+11 -1.09866114e+01][-6.92585750e-09 -7.00330539e-02 -1.09866114e+01  6.87725563e-09]] [3.19441926e-04 3.92063681e-04 4.61389570e-04 3.70752628e-043.96927962e-04 1.27728183e-03 9.61846746e-04 4.67881948e-045.31133670e-04 7.80718079e-04 4.62231097e-05 1.49266108e-041.08451930e-04 1.84994003e-04 4.53743669e-05 4.15314970e-052.04181640e-04 1.04581107e-04 8.20637870e-05] 0.5446436184462636
stakes [ 4.10524618e-05  1.99163521e+03  3.15383990e-01 -4.12762006e-06] [[ 7.94090534e-09 -1.06377919e-03 -7.27724196e-05 -6.86066582e-09][-1.06377919e-03  1.67621609e+02  9.23290910e+00  9.67987096e-04][-7.27724196e-05  9.23290910e+00  7.48879813e-01  6.12767619e-05][-6.86066582e-09  9.67987096e-04  6.12767619e-05  6.05300319e-09]] [8.63356558e-06 0.00000000e+00 0.00000000e+00 1.00203413e-054.61544142e-05 0.00000000e+00 6.82160813e-06 3.17978023e-053.69484292e-05 9.07811720e-06 1.84892439e-05 7.73972413e-052.71129825e-05 2.98377424e-05 5.67179586e-06 4.61461078e-052.45017968e-05 7.27520746e-05 1.75850972e-05] 0.2412374749724252
overregulation [-3.20211562e-05  1.99104783e+03  2.32636444e+01  3.56108695e-05] [[ 8.50755350e-11  3.25440411e-07  6.69257074e-10 -6.61698606e-11][ 3.25440411e-07  1.57758454e-02  3.24424865e-05 -3.59166206e-07][ 6.69257074e-10  3.24424865e-05  6.67168637e-08 -7.38613017e-10][-6.61698606e-11 -3.59166206e-07 -7.38613017e-10  6.61698606e-11]] [1.72671312e-05 0.00000000e+00 4.50136166e-05 8.01627303e-052.76926485e-05 0.00000000e+00 6.82160813e-06 0.00000000e+000.00000000e+00 9.07811720e-06 9.24462194e-06 1.10567488e-052.71129825e-06 0.00000000e+00 1.13435917e-05 0.00000000e+000.00000000e+00 0.00000000e+00 0.00000000e+00] 0.4659096509185142
statutory [-1.38671357e-03  1.99016605e+03  1.53958426e+01  1.66175733e-03] [[ 1.01282545e-07 -5.39078221e-02  5.00231531e+00 -8.33855432e-08][-5.39078221e-02  2.30025391e+06 -2.13238242e+08  1.57380864e-03][ 5.00231531e+00 -2.13238242e+08  1.97676225e+10 -1.50922960e-01][-8.33855432e-08  1.57380864e-03 -1.50922960e-01  8.33486937e-08]] [1.00149361e-03 9.14815255e-04 3.04967253e-03 1.58321392e-031.29232360e-04 2.09390464e-04 1.50075379e-04 1.04478493e-041.38556610e-04 2.04257637e-04 7.39569755e-05 9.39823645e-044.03983439e-04 1.79026454e-04 3.85682119e-04 4.19929581e-048.16726560e-05 8.18460839e-05 6.21340102e-04] 0.6099409740572157
attacks [1.20291806e-04 2.00105326e+03 2.42336398e+01 2.83036299e-05] [[ 2.61348377e-10 -3.44757314e-09 -7.57921036e-12 -5.80774171e-11][-3.44757314e-09  3.52996716e-03  7.76034693e-06  9.23749173e-08][-7.57921036e-12  7.76034693e-06  1.70604943e-08  2.03078775e-10][-5.80774171e-11  9.23749173e-08  2.03078775e-10  5.80774171e-11]] [9.49692213e-05 4.75228704e-05 2.25068083e-05 3.00610239e-054.61544142e-05 2.79187286e-05 2.04648244e-05 9.08508638e-063.23298756e-05 9.07811720e-06 3.69784878e-05 0.00000000e+002.16903860e-05 0.00000000e+00 5.10461627e-05 1.93813653e-041.47010781e-04 1.54598158e-04 9.96488842e-05] 0.7868343327567042
marketplace [-6.62766473e-05  1.99591013e+03  2.54833005e+01  7.38004702e-05] [[ 4.62555314e-10 -1.33820096e-06  4.71789055e-09 -2.31277657e-10][-1.33820096e-06  1.14310153e-01 -4.03005833e-04 -1.50751778e-07][ 4.71789055e-09 -4.03005833e-04  1.42081606e-06  5.31482500e-10][-2.31277657e-10 -1.50751778e-07  5.31482500e-10  2.31277657e-10]] [5.18013935e-05 4.75228704e-05 6.75204249e-05 4.00813652e-057.38470627e-05 1.18654596e-04 6.82160813e-06 4.08828887e-052.17072022e-04 1.36171758e-05 0.00000000e+00 5.52837438e-061.62677895e-05 2.98377424e-05 5.67179586e-06 0.00000000e+000.00000000e+00 4.54700466e-06 5.86169907e-06] 0.39587421360871666
iii [-3.56061992e-04  1.99214237e+03  4.28822246e-01  4.30840987e-04] [[ 1.93903285e-07  2.31052717e-03  3.54972677e-04 -1.64599694e-07][ 2.31052717e-03  4.09007790e+01  3.95232649e+00 -2.19809895e-03][ 3.54972677e-04  3.95232649e+00  8.03831427e-01 -2.92477027e-04][-1.64599694e-07 -2.19809895e-03 -2.92477027e-04  1.46256625e-07]] [2.15839139e-04 8.79173102e-04 9.00272332e-05 1.70345802e-041.10770594e-04 7.04947897e-04 1.56896987e-04 1.68074098e-046.92783048e-05 8.62421134e-05 1.10935463e-04 8.84539901e-051.87079579e-04 7.16105817e-05 7.37333462e-05 9.22922156e-057.35053904e-05 9.54870979e-05 5.27552916e-05] 0.2751357544276195
legality [-1.13984419e-04  1.98990702e+03  2.34468974e+01  1.21553379e-04] [[ 1.08445587e-09 -2.89517804e-07  1.14779734e-09 -9.03713224e-10][-2.89517804e-07  4.81802255e-02 -1.91011170e-04 -3.76251815e-07][ 1.14779734e-09 -1.91011170e-04  7.57266426e-07  1.49165553e-09][-9.03713224e-10 -3.76251815e-07  1.49165553e-09  9.03713225e-10]] [6.04349590e-05 2.37614352e-05 2.81335104e-04 1.00203413e-050.00000000e+00 6.97968215e-06 6.82160813e-06 9.08508638e-069.23710731e-06 0.00000000e+00 0.00000000e+00 5.52837438e-068.13389475e-06 0.00000000e+00 0.00000000e+00 4.15314970e-050.00000000e+00 2.27350233e-05 1.17233981e-05] 0.4443493665111865
authorizing [1.13073512e-05 1.99500321e+03 2.07350662e+01 1.21647755e-06] [[ 1.88602636e-11 -2.32477464e-08 -3.59479070e-12 -1.04779242e-11][-2.32477464e-08  2.58394974e-02  3.99555222e-06  9.24526796e-08][-3.59479070e-12  3.99555222e-06  6.17830808e-10  1.42959247e-11][-1.04779242e-11  9.24526796e-08  1.42959247e-11  1.04779242e-11]] [8.63356558e-06 0.00000000e+00 0.00000000e+00 0.00000000e+000.00000000e+00 0.00000000e+00 0.00000000e+00 4.54254319e-060.00000000e+00 3.63124688e-05 0.00000000e+00 1.10567488e-051.62677895e-05 1.79026454e-05 2.26871834e-05 1.38438323e-050.00000000e+00 4.54700466e-06 5.86169907e-06] 0.31158413780570926
congress [-1.30561724e-03  1.99467397e+03  2.67340369e-01  1.61053655e-03] [[ 3.17436256e-06  5.65246476e-03  9.68853771e-04 -1.99127501e-06][ 5.65246476e-03  4.02845227e+01  1.56456317e+00 -5.32310360e-03][ 9.68853771e-04  1.56456317e+00  3.14543753e-01 -5.96206448e-04][-1.99127501e-06 -5.32310360e-03 -5.96206448e-04  1.36736056e-06]] [1.83031590e-03 8.67292384e-04 1.63174360e-03 1.73351904e-033.96927962e-04 1.41687548e-03 6.95804029e-04 1.85790016e-036.09649082e-04 1.20738959e-03 7.39569755e-05 1.05039113e-031.11705488e-03 2.38701939e-04 3.28964160e-04 3.36866587e-049.80071872e-05 4.86529499e-04 7.44435782e-04] 0.40243560512997345
requirements [-3.55113266e-04  1.99213848e+03  2.41046609e-01  4.16003820e-04] [[ 5.15494773e-07  8.50684130e-03  4.03471730e-04 -4.17038055e-07][ 8.50684130e-03  1.67282337e+02  6.29361573e+00 -7.30327551e-03][ 4.03471730e-04  6.29361573e+00  3.35766451e-01 -3.19039376e-04][-4.17038055e-07 -7.30327551e-03 -3.19039376e-04  3.44899789e-07]] [1.29503484e-04 6.17797315e-04 2.47574891e-04 3.00610239e-043.04619134e-04 1.60532689e-04 2.18291460e-04 9.08508638e-051.98597807e-04 2.67804457e-04 9.24462194e-05 3.86986207e-052.65707229e-04 1.61123809e-04 5.67179586e-05 1.10750659e-041.63345312e-05 9.54870979e-05 6.44786898e-05] 0.40041434444642376
cost-benefit [4.55117009e-04 1.99502547e+03 2.74340258e+01 5.20665847e-05] [[ 1.85251712e-08 -1.49481904e-06 -1.38780316e-09 -1.02917618e-08][-1.49481904e-06  1.14544706e-02  1.06344313e-05  2.48228585e-06][-1.38780316e-09  1.06344313e-05  9.87309967e-09  2.30457604e-09][-1.02917618e-08  2.48228585e-06  2.30457604e-09  1.02917618e-08]] [7.77020902e-05 0.00000000e+00 1.12534042e-04 8.01627303e-053.69235314e-05 6.97968215e-06 2.04648244e-05 8.17657774e-052.03216361e-04 1.25278017e-03 7.39569755e-05 5.52837438e-055.12435369e-04 8.65294528e-04 6.63600116e-04 6.55274731e-043.83861483e-04 3.45572354e-04 2.63776458e-04] 0.42965946021995083
judiciary [-2.30991632e-04  1.99160416e+03  5.04232209e-01  2.88103644e-04] [[ 6.87453881e-09  1.18896861e-04  2.32924366e-05 -6.04282161e-09][ 1.18896861e-04  2.98915218e+00  3.81382554e-01 -1.15300079e-04][ 2.32924366e-05  3.81382554e-01  1.03124066e-01 -1.99452010e-05][-6.04282161e-09 -1.15300079e-04 -1.99452010e-05  5.53595717e-09]] [2.93541230e-04 2.37614352e-04 2.47574891e-04 1.40284778e-042.67695602e-04 1.60532689e-04 8.86809056e-05 1.68074098e-048.77525194e-05 6.80858790e-05 1.84892439e-05 7.73972413e-051.00318035e-04 5.96754847e-06 3.97025710e-05 7.38337725e-058.16726560e-05 6.36580652e-05 7.62020879e-05] 0.7920531635593242
beneficiaries [-5.01703028e-04  1.98892353e+03  2.62588962e+01  5.67510793e-04] [[ 6.97042900e-09  3.67108266e-08 -1.06881235e-10 -6.19593688e-09][ 3.67108266e-08  6.91781708e-03 -2.01407841e-05 -5.33281483e-07][-1.06881235e-10 -2.01407841e-05  5.86386108e-08  1.55261509e-09][-6.19593688e-09 -5.33281483e-07  1.55261509e-09  6.19593689e-09]] [4.14411148e-04 7.24723773e-04 9.00272332e-05 2.00406826e-053.69235314e-05 3.14085697e-04 1.77361811e-04 1.81701728e-054.61855365e-06 1.81562344e-05 9.24462194e-06 1.10567488e-052.71129825e-05 1.79026454e-05 5.67179586e-06 9.22922156e-061.71512578e-04 2.13709219e-04 2.93084954e-05] 0.706494982830044
defeated [-2.81958950e-05  1.99316945e+03  1.21981652e+00  3.15911409e-05] [[ 6.81676141e-11  2.38052833e-06  6.83614707e-06 -4.77528227e-11][ 2.38052833e-06  1.45723778e+00  2.37112045e-01 -3.70622237e-06][ 6.83614707e-06  2.37112045e-01  2.43481598e+00 -4.78204856e-06][-4.77528227e-11 -3.70622237e-06 -4.78204856e-06  4.51419113e-11]] [2.59006967e-05 1.18807176e-05 2.25068083e-05 7.01423890e-052.76926485e-05 2.79187286e-05 6.82160813e-06 2.27127159e-054.61855365e-06 4.53905860e-06 0.00000000e+00 0.00000000e+005.42259650e-06 1.19350969e-05 0.00000000e+00 4.61461078e-060.00000000e+00 0.00000000e+00 5.86169907e-06] 0.5304132460911049
accorded [-3.53844527e-05  1.99297070e+03  1.57638058e+01  3.83994191e-05] [[ 1.48258671e-10  2.41470118e-02  1.29908552e+01 -1.02344226e-10][ 2.41470118e-02  2.80328590e+07  1.50814348e+10 -2.01673951e-02][ 1.29908552e+01  1.50814348e+10  8.11368103e+12 -1.08497499e+01][-1.02344226e-10 -2.01673951e-02 -1.08497499e+01  9.94811069e-11]] [2.59006967e-05 0.00000000e+00 2.25068083e-05 1.00203413e-041.84617657e-05 6.97968215e-05 0.00000000e+00 9.08508638e-060.00000000e+00 0.00000000e+00 0.00000000e+00 5.52837438e-061.08451930e-05 0.00000000e+00 0.00000000e+00 9.22922156e-060.00000000e+00 0.00000000e+00 1.17233981e-05] 0.39594435245934667
immunized [-2.78778349e-05  1.99498733e+03  2.21205715e+01  2.90652145e-05] [[ 2.91354316e-11 -2.70685380e-09  1.55010762e-12 -1.61863509e-11][-2.70685380e-09  5.98003772e-03 -3.42452999e-06 -4.60789104e-08][ 1.55010762e-12 -3.42452999e-06  1.96109225e-09  2.63875610e-11][-1.61863509e-11 -4.60789104e-08  2.63875610e-11  1.61863509e-11]] [6.04349590e-05 1.18807176e-05 2.25068083e-05 2.00406826e-053.69235314e-05 2.79187286e-05 1.36432163e-05 4.08828887e-059.23710731e-06 0.00000000e+00 0.00000000e+00 0.00000000e+008.13389475e-06 5.96754847e-06 0.00000000e+00 0.00000000e+000.00000000e+00 0.00000000e+00 0.00000000e+00] 0.640134386332189
remedies [-5.59181920e-05  1.99920511e+03  9.72973920e-01  6.88511846e-05] [[ 7.39829264e-10 -1.99345907e-05  2.92790248e-05 -1.88023388e-10][-1.99345907e-05  4.39059637e+00 -7.75360521e-01 -6.25149064e-06][ 2.92790248e-05 -7.75360521e-01  2.97167412e+00 -7.56586086e-06][-1.88023388e-10 -6.25149064e-06 -7.56586086e-06  1.50627849e-10]] [3.45342623e-05 1.06926458e-04 1.12534042e-05 1.00203413e-051.10770594e-04 1.39593643e-04 6.13944731e-05 9.99359501e-056.92783048e-05 2.26952930e-05 8.32015975e-05 5.52837438e-053.79581755e-05 4.17728393e-05 1.13435917e-05 1.38438323e-051.63345312e-05 1.81880186e-05 1.17233981e-05] 0.334229910027414
controls [-2.75667209e-04  1.99284672e+03  1.88175675e+00  3.40914758e-04] [[ 5.01952473e-09  1.20960224e-05  8.26409485e-05 -3.51751969e-09][ 1.20960224e-05  7.68978158e-01  2.54176949e-01 -1.92169975e-05][ 8.26409485e-05  2.54176949e-01  7.59904636e+00 -5.86394992e-05][-3.51751969e-09 -1.92169975e-05 -5.86394992e-05  3.39997544e-09]] [1.72671312e-04 1.54449329e-04 2.70081700e-04 6.41301843e-045.35391205e-04 1.95431100e-04 2.04648244e-04 9.99359501e-051.15463841e-04 4.99296446e-05 5.54677316e-05 3.31702463e-053.79581755e-05 4.77403878e-05 8.50769379e-05 1.19979880e-041.63345312e-05 5.45640559e-05 9.96488842e-05] 0.5584137740341515
salutary [-5.23990759e-05  1.99594650e+03  6.40249255e-01  6.03350071e-05] [[ 6.67453901e-10  5.94660046e-07  1.83826445e-05 -3.37114687e-10][ 5.94660046e-07  6.64378964e+00  1.54420291e-02 -1.85393390e-05][ 1.83826445e-05  1.54420291e-02  9.49096037e-01 -9.27926678e-06][-3.37114687e-10 -1.85393390e-05 -9.27926678e-06  2.72706201e-10]] [6.04349590e-05 1.18807176e-05 4.50136166e-05 1.20244096e-049.23088284e-05 3.48984107e-05 6.13944731e-05 1.81701728e-051.84742146e-05 9.98592892e-05 0.00000000e+00 5.52837438e-061.62677895e-05 1.19350969e-05 1.13435917e-05 2.30730539e-050.00000000e+00 9.09400932e-06 5.86169907e-06] 0.37022408322646216
continuous [-1.71666597e-05  1.99525207e+03  1.08470405e+00  2.06529244e-05] [[ 9.43413736e-11  1.68240055e-06  1.38505216e-05 -5.23978386e-11][ 1.68240055e-06  6.81607258e+00  2.45483451e-01 -7.06516176e-06][ 1.38505216e-05  2.45483451e-01  7.19658601e+00 -7.68898871e-06][-5.23978386e-11 -7.06516176e-06 -7.68898871e-06  4.81302485e-11]] [8.63356558e-06 1.18807176e-05 0.00000000e+00 2.00406826e-057.38470627e-05 2.09390464e-05 6.82160813e-06 1.36276296e-051.84742146e-05 9.07811720e-06 0.00000000e+00 1.10567488e-052.71129825e-06 0.00000000e+00 5.67179586e-06 4.61461078e-060.00000000e+00 9.09400932e-06 0.00000000e+00] 0.22554455189360167
supervisory [-1.98441907e-05  1.99505199e+03  1.48646837e+01  2.30929954e-05] [[ 1.63372488e-10 -2.11249072e-02  6.03964300e+00 -8.67844496e-11][-2.11249072e-02  3.87844602e+07 -1.10882362e+10  4.43215494e-03][ 6.03964300e+00 -1.10882362e+10  3.17005784e+12 -1.26738446e+00][-8.67844496e-11  4.43215494e-03 -1.26738446e+00  8.48765222e-11]] [1.03602787e-04 0.00000000e+00 0.00000000e+00 3.00610239e-050.00000000e+00 0.00000000e+00 0.00000000e+00 4.99679751e-051.84742146e-05 0.00000000e+00 0.00000000e+00 5.52837438e-060.00000000e+00 0.00000000e+00 0.00000000e+00 4.61461078e-068.16726560e-06 1.36410140e-05 0.00000000e+00] 0.14897109587329094
ford [-1.12610183e-05  1.99896548e+03  2.34425494e+01  1.32149180e-05] [[ 3.26606967e-11 -2.08125981e-07  3.06444644e-10 -1.08868989e-11][-2.08125981e-07  4.48671788e-02 -6.60624233e-05 -5.95916393e-08][ 3.06444644e-10 -6.60624233e-05  9.72702961e-08  8.77427153e-11][-1.08868989e-11 -5.95916393e-08  8.77427153e-11  1.08868989e-11]] [2.59006967e-05 2.37614352e-05 0.00000000e+00 0.00000000e+000.00000000e+00 2.09390464e-05 0.00000000e+00 2.72552591e-051.84742146e-05 9.07811720e-06 0.00000000e+00 3.31702463e-055.42259650e-06 0.00000000e+00 0.00000000e+00 0.00000000e+000.00000000e+00 0.00000000e+00 1.17233981e-05] 0.21056550073531222
people [ 5.01649915e-03  1.99303636e+03  2.84974615e-01 -4.63794838e-04] [[ 8.38212867e-06 -7.61399720e-03 -6.47718083e-04 -6.44098504e-06][-7.61399720e-03  1.03612697e+01  5.43763851e-01  6.65184217e-03][-6.47718083e-04  5.43763851e-01  5.45178213e-02  4.83966508e-04][-6.44098504e-06  6.65184217e-03  4.83966508e-04  5.17076274e-06]] [0.00032808 0.00059404 0.00034886 0.00089181 0.00201233 0.001556470.00203284 0.0021032  0.00308519 0.00271436 0.00450213 0.001863060.0032888  0.0040281  0.00479834 0.00497455 0.00525155 0.004146870.00315359] 0.8008626211697061
politics [-7.02165063e-04  1.99193345e+03  4.38439209e-01  7.48795188e-04] [[ 1.65950108e-07  1.01451148e-03  1.54843848e-04 -1.42972264e-07][ 1.01451148e-03  8.85692900e+00  8.88689932e-01 -9.66675029e-04][ 1.54843848e-04  8.88689932e-01  1.79618841e-01 -1.29617111e-04][-1.42972264e-07 -9.66675029e-04 -1.29617111e-04  1.28341156e-07]] [4.23044713e-04 1.16431032e-03 3.48855529e-04 3.70752628e-047.29239744e-04 2.51268557e-04 3.41080406e-04 2.04414443e-042.49401897e-04 1.54327992e-04 9.24462194e-05 1.27152611e-049.76067370e-05 2.38701939e-05 3.97025710e-05 5.99899401e-057.35053904e-05 4.54700466e-05 4.10318935e-05] 0.6382530996962605
confirmation [-4.70544271e-05  1.99290578e+03  3.30709876e+01  5.87013920e-05] [[ 1.07388972e-09 -4.93616438e-06  1.40573564e-08 -7.15926479e-10][-4.93616438e-06  1.15489107e+00 -3.28893329e-03 -4.80242697e-07][ 1.40573564e-08 -3.28893329e-03  9.36632245e-06  1.36764950e-09][-7.15926479e-10 -4.80242697e-07  1.36764950e-09  7.15926479e-10]] [8.63356558e-06 0.00000000e+00 1.12534042e-05 0.00000000e+004.61544142e-05 2.86166968e-04 1.36432163e-05 0.00000000e+001.38556610e-05 9.07811720e-06 0.00000000e+00 5.52837438e-061.08451930e-05 1.19350969e-05 2.26871834e-05 3.23022755e-058.16726560e-06 1.36410140e-05 1.17233981e-05] 0.12296602679046975
capacity [-7.56346585e-05  1.99833137e+03  7.27740687e-01  9.23063134e-05] [[ 6.64101817e-10 -1.44974724e-05  1.41897644e-05 -1.96755797e-10][-1.44974724e-05  2.73394221e+00 -2.96761185e-01 -5.27867912e-06][ 1.41897644e-05 -2.96761185e-01  6.03934511e-01 -4.32638935e-06][-1.96755797e-10 -5.27867912e-06 -4.32638935e-06  1.46597821e-10]] [6.90685246e-05 1.06926458e-04 4.50136166e-05 1.50305119e-047.38470627e-05 1.25634279e-04 5.45728650e-05 6.81381478e-051.29319502e-04 9.98592892e-05 5.54677316e-05 3.31702463e-056.23598598e-05 4.17728393e-05 1.13435917e-05 5.07607186e-058.16726560e-06 1.36410140e-05 1.17233981e-05] 0.5525573041860934
success [-4.43555002e-05  1.99428261e+03 -2.03347333e-01  5.47256288e-05] [[ 1.38075396e-08  9.84613671e-04 -8.13549396e-05 -4.96049486e-09][ 9.84613671e-04  1.60317237e+02 -5.41102823e+00 -1.95414934e-04][-8.13549396e-05 -5.41102823e+00  4.92056619e-01  3.00054845e-05][-4.96049486e-09 -1.95414934e-04  3.00054845e-05  2.07615490e-09]] [2.59006967e-05 1.18807176e-05 1.12534042e-05 3.00610239e-052.76926485e-05 3.48984107e-05 2.04648244e-05 3.63403455e-055.54226438e-05 3.63124688e-05 9.24462194e-06 2.76418719e-055.15146668e-05 4.17728393e-05 5.67179586e-05 5.99899401e-053.26690624e-05 8.18460839e-05 2.34467963e-05] 0.32195787089521755
implement [-1.19807874e-04  1.99010646e+03  6.13325983e-01  1.36865712e-04] [[ 1.55497768e-09  4.83408642e-05  1.05786327e-05 -1.46442081e-09][ 4.83408642e-05  1.79317921e+00  3.20827145e-01 -4.72209919e-05][ 1.05786327e-05  3.20827145e-01  9.42198704e-02 -9.79736047e-06][-1.46442081e-09 -4.72209919e-05 -9.79736047e-06  1.40198370e-09]] [1.20869918e-04 1.18807176e-04 9.00272332e-05 6.01220478e-059.23088284e-05 2.79187286e-05 4.77512569e-05 2.72552591e-051.38556610e-05 1.36171758e-05 0.00000000e+00 2.21134975e-055.42259650e-06 1.19350969e-05 3.97025710e-05 3.69168862e-051.63345312e-05 1.36410140e-05 1.75850972e-05] 0.8639811667904528
controlling [-5.96199796e-05  1.99351460e+03  2.20676745e-01  7.17007058e-05] [[ 1.64655655e-08  1.19450660e-03  7.73456759e-05 -1.16439633e-08][ 1.19450660e-03  1.37566049e+02  5.23415698e+00 -9.71263711e-04][ 7.73456759e-05  5.23415698e+00  3.77775930e-01 -5.35939700e-05][-1.16439633e-08 -9.71263711e-04 -5.35939700e-05  8.57456366e-09]] [2.59006967e-05 9.50457408e-05 7.87738291e-05 5.01017065e-051.84617657e-05 4.88577750e-05 6.13944731e-05 3.17978023e-051.38556610e-05 2.72343516e-05 5.54677316e-05 4.42269951e-052.71129825e-05 2.98377424e-05 0.00000000e+00 1.84584431e-051.63345312e-05 9.09400932e-06 2.93084954e-05] 0.37338857214887644
asking [1.04161460e-04 1.99673342e+03 2.79215933e-01 1.32549432e-05] [[ 7.78603065e-09  9.66345114e-05 -3.25756431e-05 -3.32617361e-09][ 9.66345114e-05  1.42927264e+01 -3.63616912e-01  2.11026068e-05][-3.25756431e-05 -3.63616912e-01  1.46014250e-01  1.41551779e-05][-3.32617361e-09  2.11026068e-05  1.41551779e-05  1.76119976e-09]] [1.72671312e-05 2.37614352e-05 4.50136166e-05 2.00406826e-059.23088284e-06 2.09390464e-05 4.77512569e-05 5.90530614e-055.54226438e-05 5.90077618e-05 1.01690841e-04 6.08121182e-057.32050528e-05 4.17728393e-05 8.50769379e-05 1.06136048e-041.55178046e-04 1.40957144e-04 5.27552916e-05] 0.5910616082437312
prohibit [-3.19022419e-05  1.99741396e+03  3.16999248e-01  3.35250847e-05] [[ 2.34447184e-09 -1.69799944e-04  3.79873647e-05 -8.35319672e-10][-1.69799944e-04  5.37120328e+01 -2.46737203e+00 -2.54352819e-06][ 3.79873647e-05 -2.46737203e+00  6.84279388e-01 -1.41020553e-05][-8.35319672e-10 -2.54352819e-06 -1.41020553e-05  4.14238341e-10]] [8.63356558e-06 5.94035880e-05 5.62670208e-05 2.00406826e-050.00000000e+00 3.48984107e-05 4.09296488e-05 9.08508638e-069.23710731e-06 5.90077618e-05 0.00000000e+00 2.76418719e-051.08451930e-05 1.19350969e-05 0.00000000e+00 0.00000000e+001.63345312e-05 4.54700466e-06 5.86169907e-06] 0.24285575733892073
changed [-1.70998831e-04  1.99374946e+03  4.48287454e-01  2.00873102e-04] [[ 2.69058142e-08  4.36316931e-04  1.31365932e-04 -1.95522091e-08][ 4.36316931e-04  2.38332811e+01  1.93410059e+00 -4.62644508e-04][ 1.31365932e-04  1.93410059e+00  8.35684870e-01 -9.26679209e-05][-1.95522091e-08 -4.62644508e-04 -9.26679209e-05  1.61450198e-08]] [1.20869918e-04 3.56421528e-05 5.06403187e-04 2.40488191e-043.69235314e-05 4.88577750e-05 8.86809056e-05 2.54382419e-047.38968585e-05 5.44687032e-05 2.77338658e-05 9.39823645e-054.33807720e-05 4.17728393e-05 2.26871834e-05 4.61461078e-053.26690624e-05 2.72820280e-05 2.34467963e-05] 0.26700795778171693
notion [-4.67905743e-04  1.99704918e+03  1.60880426e-01  4.01641894e-04] [[ 4.23712077e-07 -1.83646679e-03  1.75766082e-04 -1.80427563e-07][-1.83646679e-03  3.25959232e+01 -7.23062447e-01  3.90303919e-04][ 1.75766082e-04 -7.23062447e-01  7.36503074e-02 -7.55104119e-05][-1.80427563e-07  3.90303919e-04 -7.55104119e-05  8.32092453e-08]] [3.97144017e-04 2.97017940e-04 1.91307871e-04 3.40691604e-041.75386774e-04 3.35024743e-04 2.52399501e-04 2.58924962e-041.98597807e-04 1.63406110e-04 1.94137061e-04 1.32680985e-041.62677895e-04 8.35456786e-05 9.07487338e-05 8.30629941e-054.08363280e-05 4.54700466e-05 5.86169907e-05] 0.7949462684689577
irrationality [-1.25630637e-04  1.99195507e+03  1.27635215e+01  1.43053708e-04] [[ 1.75657726e-09  7.30498274e-03  2.07501632e+00 -1.31884853e-09][ 7.30498274e-03  1.79531863e+05  5.09991768e+07 -6.51060608e-03][ 2.07501632e+00  5.09991768e+07  1.44872146e+10 -1.84916040e+00][-1.31884853e-09 -6.51060608e-03 -1.84916040e+00  1.29002089e-09]] [1.72671312e-05 1.18807176e-05 3.15095316e-04 1.60325461e-042.30772071e-04 6.97968215e-06 4.77512569e-05 7.26806910e-052.77113219e-05 9.07811720e-06 2.77338658e-05 2.76418719e-051.62677895e-05 0.00000000e+00 1.13435917e-05 4.61461078e-068.16726560e-06 9.09400932e-06 0.00000000e+00] 0.41938506879872006
judgments [9.50418020e-04 1.99286512e+03 1.41055250e+00 1.82504907e-04] [[ 2.25465144e-07 -2.14903662e-04 -7.79615022e-04 -1.60655937e-07][-2.14903662e-04  3.69061283e+00  7.51431285e-01  3.27480673e-04][-7.79615022e-04  7.51431285e-01  1.10315377e+01  5.55665853e-04][-1.60655937e-07  3.27480673e-04  5.55665853e-04  1.53460481e-07]] [1.64037746e-04 4.75228704e-05 2.36321487e-04 2.50508532e-043.87697079e-04 2.16370147e-04 9.55025138e-04 5.90530614e-041.21467961e-03 1.12114747e-03 3.83651811e-03 9.17710147e-049.51665686e-04 8.59326980e-04 8.39425787e-04 8.53702994e-044.81868670e-04 7.95725816e-04 7.56159180e-04] 0.2695663751895594
surrogate [-2.48427041e-05  1.99161733e+03  4.10762028e-01  2.89958655e-05] [[ 1.08084683e-09  2.02840376e-04  2.44169255e-05 -9.49075571e-10][ 2.02840376e-04  4.88649154e+01  4.33176739e+00 -1.91277572e-04][ 2.44169255e-05  4.33176739e+00  6.66193847e-01 -2.08635862e-05][-9.49075571e-10 -1.91277572e-04 -2.08635862e-05  8.58325807e-10]] [1.72671312e-05 4.75228704e-05 0.00000000e+00 3.00610239e-059.23088284e-06 3.48984107e-05 0.00000000e+00 9.08508638e-061.38556610e-05 4.53905860e-06 0.00000000e+00 5.52837438e-062.44016843e-05 5.96754847e-06 0.00000000e+00 0.00000000e+000.00000000e+00 4.54700466e-06 5.86169907e-06] 0.3088598916782933
influences [1.35909869e-04 1.99817559e+03 1.02022405e+01 2.14613206e-05] [[ 5.98281768e-10  2.22824552e-04 -1.29883296e-02 -2.11470271e-10][ 2.22824552e-04  8.75852648e+02 -5.08698453e+04 -2.98367988e-06][-1.29883296e-02 -5.08698453e+04  2.95482919e+06  2.35024838e-04][-2.11470271e-10 -2.98367988e-06  2.35024838e-04  2.10496015e-10]] [2.59006967e-05 1.18807176e-05 0.00000000e+00 3.00610239e-052.76926485e-05 2.79187286e-05 1.36432163e-05 1.36276296e-052.77113219e-05 3.17734102e-05 2.77338658e-05 3.86986207e-051.59966597e-04 1.25318518e-04 2.26871834e-04 2.90720479e-049.80071872e-05 9.54870979e-05 1.05510583e-04] 0.6974865847856354
media [8.52097022e-05 1.99101589e+03 1.79716418e+01 1.48799716e-05] [[ 1.32923465e-09  3.18906650e-01 -3.60747667e+02 -1.01686295e-09][ 3.18906650e-01  7.36504591e+08 -8.33132174e+11 -2.08808961e-01][-3.60747667e+02 -8.33132174e+11  9.42437058e+14  2.36205776e+02][-1.01686295e-09 -2.08808961e-01  2.36205776e+02  9.85648654e-10]] [8.63356558e-06 2.37614352e-05 0.00000000e+00 3.00610239e-054.61544142e-05 2.44288875e-04 2.72864325e-05 8.17657774e-051.33938056e-04 5.44687032e-05 1.38669329e-04 1.32680985e-041.89790878e-04 8.35456786e-05 3.40307752e-05 1.15365270e-041.63345312e-05 1.04581107e-04 4.68935926e-05] 0.2966133023082451
conception [-3.34244877e-04  1.99597526e+03  1.25681613e+01  3.81152562e-04] [[ 3.30923318e-09  2.46928121e-03  1.25474739e+00 -1.70587822e-09][ 2.46928121e-03  1.79247021e+04  9.10747743e+06 -1.60743754e-03][ 1.25474739e+00  9.10747743e+06  4.62748039e+09 -8.16422784e-01][-1.70587822e-09 -1.60743754e-03 -8.16422784e-01  1.62854633e-09]] [3.71243320e-04 4.39586551e-04 2.70081700e-04 1.50305119e-042.86157368e-04 6.97968215e-04 3.06972366e-04 4.67881948e-044.52618258e-04 1.58867051e-04 4.62231097e-05 4.97553694e-054.88033685e-05 5.37079362e-05 4.53743669e-05 4.15314970e-053.26690624e-05 2.72820280e-05 9.37871852e-05] 0.7152403008037109
constitutionalism [-1.66704210e-04  1.99394867e+03  9.80840304e-01  1.92646255e-04] [[ 3.63066741e-09  2.09907874e-05  4.93300371e-05 -2.38887567e-09][ 2.09907874e-05  2.75619058e+00  2.81916038e-01 -3.69140907e-05][ 4.93300371e-05  2.81916038e-01  1.95308971e+00 -3.23673413e-05][-2.38887567e-09 -3.69140907e-05 -3.23673413e-05  2.20181788e-09]] [3.02174795e-04 1.66330046e-04 4.50136166e-05 1.00203413e-044.15389728e-04 9.07358679e-05 1.63718595e-04 3.63403455e-051.70886485e-04 9.07811720e-06 9.24462194e-06 1.65851231e-051.08451930e-05 4.77403878e-05 2.83589793e-05 4.61461078e-052.45017968e-05 4.54700466e-06 4.68935926e-05] 0.4446632692336534
commissioners [-2.14038920e-05  1.99598476e+03  2.83201164e+01  2.20551919e-05] [[ 8.63786934e-11 -6.34436860e-08  3.41475994e-11 -4.31893467e-11][-6.34436860e-08  1.96408342e-02 -1.05713804e-05 -1.17509719e-07][ 3.41475994e-11 -1.05713804e-05  5.68988476e-09  6.32478197e-11][-4.31893467e-11 -1.17509719e-07  6.32478197e-11  4.31893467e-11]] [3.45342623e-05 0.00000000e+00 0.00000000e+00 7.01423890e-050.00000000e+00 6.97968215e-06 0.00000000e+00 5.45105183e-053.23298756e-05 9.07811720e-06 0.00000000e+00 0.00000000e+000.00000000e+00 0.00000000e+00 0.00000000e+00 0.00000000e+000.00000000e+00 0.00000000e+00 5.86169907e-06] 0.26167712107401075
